1305031110.843218 -0.032805752 -0.000014140 0.005958423 -0.004165135 -0.009229157 -0.013485654 0.999857783
1305031110.879313 -0.031438608 -0.000300515 0.006101738 -0.004194592 -0.011807781 -0.013488566 0.999830484
1305031110.911333 -0.031049004 0.000220414 0.005550249 -0.004797203 -0.013013606 -0.013767068 0.999809027
1305031110.943862 -0.032162514 -0.000004616 0.004540179 -0.004914920 -0.013928539 -0.014374995 0.999787569
1305031110.979345 -0.015868966 0.005544749 0.007243924 -0.002964282 -0.017672816 -0.016555933 0.999702334
1305031111.011431 -0.002509294 0.002926184 0.005497599 -0.006087421 -0.017183084 -0.014948408 0.999722064
1305031111.043327 -0.006270549 0.008148022 0.008694452 -0.002788505 -0.007667956 -0.012110770 0.999893367
1305031111.079283 -0.005425140 0.010331754 0.006845573 -0.004348284 -0.003017386 -0.009775776 0.999938190
1305031111.111508 0.003765876 0.007064630 0.007717169 -0.006828363 -0.002919308 -0.004564992 0.999962032
1305031111.143257 0.011858503 0.007305481 0.007523462 -0.004947964 -0.000614549 -0.003458963 0.999981582
1305031111.179326 0.026324738 0.009805796 0.008645609 -0.002027893 0.000910753 -0.004018296 0.999989450
1305031111.211433 0.034094669 0.011387450 0.005533568 -0.000400977 0.009339591 -0.000389359 0.999956250
1305031111.243236 0.035091165 0.006254204 0.001410685 -0.002215090 0.013720714 0.002133319 0.999901116
1305031111.279308 0.048407942 0.007290047 0.004361468 0.002885701 0.013613804 0.004032911 0.999895036
1305031111.311547 0.057170775 0.011992913 -0.004714518 0.006810136 0.018961750 0.006809267 0.999773800
1305031111.343397 0.058911592 0.014661985 -0.003401704 0.004419289 0.018618638 0.006186277 0.999797761
1305031111.379134 0.075824708 0.010273894 -0.001139209 0.004191339 0.012978243 0.010687889 0.999849856
1305031111.411296 0.077574559 0.011672852 -0.006579855 0.008630581 0.014544099 0.010451646 0.999802351
1305031111.443386 0.096038342 0.011165992 -0.007035860 0.007349086 0.005614223 0.006375593 0.999936938
1305031111.479259 0.132493809 0.011294067 -0.007860692 0.010004193 0.003204717 0.006771720 0.999921918
1305031111.511264 0.140184313 0.011720208 -0.014352902 0.013201543 0.016073279 0.008183236 0.999750137
1305031111.543250 0.132955208 0.010836797 -0.009080553 0.016887985 0.027496232 0.010206108 0.999427140
1305031111.579237 0.143415794 0.015117656 -0.011875726 0.021664834 0.036423180 0.017316164 0.998951554
1305031111.611271 0.146987438 0.015563863 -0.015496937 0.021108441 0.043518908 0.023260653 0.998558700
1305031111.643395 0.166634172 0.012717902 -0.013442808 0.023980567 0.037850425 0.031442884 0.998500705
1305031111.679320 0.166216075 0.016128125 -0.019097747 0.029679233 0.048783500 0.039843634 0.997572958
1305031111.711760 0.199155316 0.018202929 -0.020685950 0.029584758 0.049919821 0.041177649 0.997465372
1305031111.743386 0.220154509 0.019705154 -0.016345339 0.034167949 0.056164905 0.044955924 0.996823490
1305031111.779423 0.228063270 0.024697142 -0.019047625 0.037942316 0.075314812 0.050609153 0.995151639
1305031111.811406 0.243493333 0.016091593 -0.034478530 0.034386788 0.085656270 0.051825237 0.994381547
1305031111.843299 0.248125836 0.017356118 -0.037913933 0.037255157 0.097400546 0.054202072 0.993069649
1305031111.879442 0.251087368 0.018893188 -0.038103305 0.037005186 0.106197067 0.059946958 0.991846323
1305031111.911354 0.259548962 0.018123657 -0.036728438 0.038446628 0.105623096 0.064121507 0.991591692
1305031111.943300 0.272997618 0.018535497 -0.040574271 0.040700294 0.100026347 0.072163902 0.991529405
1305031111.979449 0.292759001 0.024022594 -0.041066058 0.043368854 0.096959449 0.080278091 0.991097093
1305031112.011433 0.303189516 0.024429820 -0.040856112 0.045060601 0.104637973 0.080174014 0.990248740
1305031112.043270 0.315114975 0.026794106 -0.042673159 0.048303843 0.112608910 0.079138391 0.989304364
1305031112.079339 0.331803650 0.026880419 -0.047316708 0.048524003 0.120981559 0.079365902 0.988286376
1305031112.111423 0.331173629 0.028741518 -0.048413146 0.050706897 0.133479521 0.074820310 0.986921489
1305031112.144342 0.345831513 0.030983269 -0.052155770 0.050275687 0.137347594 0.069050759 0.986833334
1305031112.179390 0.369636774 0.033552445 -0.055794694 0.047103588 0.144881442 0.067318507 0.986031890
1305031112.211254 0.381368071 0.026457358 -0.054854065 0.043263860 0.154236019 0.061833285 0.985147774
1305031112.243369 0.390183568 0.027122000 -0.057696346 0.048845589 0.164758191 0.057162374 0.983463943
1305031112.279353 0.391510159 0.022550931 -0.061940867 0.050821047 0.173337877 0.054151516 0.982058465
1305031112.311312 0.397282660 0.019726319 -0.062313400 0.055108745 0.177240238 0.051160723 0.981290758
1305031112.343323 0.394751102 0.019563047 -0.066221409 0.061482474 0.182042733 0.052810468 0.979944587
1305031112.379360 0.417637110 0.026521923 -0.066730782 0.068884403 0.174492449 0.057039995 0.980588496
1305031112.411442 0.422226816 0.027315922 -0.068568766 0.071571574 0.173973858 0.060307365 0.980292618
1305031112.443391 0.426062316 0.025722723 -0.068606317 0.073511168 0.175586671 0.066425487 0.979465723
1305031112.479418 0.441904336 0.029877078 -0.071715027 0.078713909 0.169436559 0.075168803 0.979512632
1305031112.511504 0.446430206 0.029123444 -0.073034488 0.081151560 0.166489214 0.081495732 0.979313135
1305031112.543212 0.454768717 0.030944945 -0.075003937 0.084708557 0.162396997 0.085211605 0.979382813
1305031112.579252 0.458035886 0.031808913 -0.076456234 0.087384798 0.160823524 0.090055965 0.978973806
1305031112.611261 0.472075522 0.037073418 -0.080934152 0.089040786 0.157291979 0.097736232 0.978661656
1305031112.643246 0.474348992 0.034645170 -0.082719550 0.084830619 0.164459616 0.105439678 0.977056444
1305031112.679952 0.486610174 0.038894735 -0.081678428 0.084602945 0.166467324 0.109892651 0.976245165
1305031112.711251 0.486803234 0.039993834 -0.081798449 0.082605228 0.171319425 0.112326369 0.975299358
1305031112.743245 0.486568689 0.046060972 -0.077462472 0.079664186 0.175336450 0.115113802 0.974504769
1305031112.779310 0.488732040 0.042688791 -0.078045480 0.071164981 0.177461162 0.119152389 0.974292457
1305031112.811310 0.480953544 0.038193684 -0.072012931 0.068243451 0.180056870 0.116976179 0.974288940
1305031112.843286 0.480788618 0.044650674 -0.073868774 0.068322130 0.173041239 0.115300760 0.975753307
1305031112.879421 0.476563007 0.045228802 -0.071212657 0.065770313 0.170887738 0.117909037 0.975996435
1305031112.911411 0.470548004 0.044072218 -0.068915352 0.063421510 0.168302774 0.119469069 0.976411283
1305031112.943321 0.464284658 0.040918592 -0.064028323 0.061083235 0.164479226 0.117355287 0.977467716
1305031112.979278 0.461733043 0.041172106 -0.067439713 0.061190914 0.157157958 0.116020888 0.978823900
1305031113.011353 0.460393041 0.042824365 -0.069586813 0.060054757 0.151998669 0.116458610 0.979656696
1305031113.043231 0.450875610 0.040910698 -0.067687675 0.055411588 0.152074158 0.113472968 0.980268776
1305031113.079251 0.443105638 0.034144782 -0.066227250 0.053191498 0.150089189 0.108654387 0.981243134
1305031113.111316 0.434734672 0.037241802 -0.065593496 0.057439324 0.145651489 0.103533261 0.982225657
1305031113.143306 0.426960260 0.039698083 -0.066840202 0.055816077 0.142365053 0.102542721 0.982904732
1305031113.179343 0.418797076 0.033820119 -0.064901553 0.052021563 0.140726149 0.104479775 0.983144879
1305031113.211259 0.403241992 0.033176005 -0.063656166 0.055102255 0.136866227 0.104351841 0.983535469
1305031113.243227 0.390590608 0.035143834 -0.063510507 0.054836541 0.130485117 0.104095049 0.984444439
1305031113.279312 0.384102941 0.028392613 -0.062708192 0.051497374 0.123808250 0.105829038 0.985301852
1305031113.311452 0.368766487 0.022744963 -0.058165681 0.056243651 0.118870266 0.107487716 0.985470891
1305031113.343252 0.357077658 0.027273575 -0.060214028 0.064155564 0.108819380 0.105668664 0.986345053
1305031113.379312 0.338996261 0.024090927 -0.060686324 0.060190111 0.101807550 0.101471052 0.987783372
1305031113.411625 0.328921914 0.016008712 -0.060707789 0.059113499 0.094253443 0.101020396 0.988643885
1305031113.443266 0.313984931 0.014989977 -0.059449818 0.060498647 0.088949524 0.094961040 0.989651620
1305031113.479311 0.297358453 0.016018014 -0.056392428 0.058300953 0.084497839 0.089204185 0.990708709
1305031113.511523 0.279099256 0.012717056 -0.046474196 0.054838598 0.080962121 0.088432208 0.991270721
1305031113.543242 0.265782565 0.008043989 -0.044220690 0.052719705 0.075768434 0.084752642 0.992117345
1305031113.579301 0.251709312 0.008826455 -0.044315048 0.053503364 0.072253995 0.079009078 0.992811322
1305031113.611268 0.243471026 0.007240672 -0.043328322 0.050438445 0.068609528 0.074037559 0.993613243
1305031113.643222 0.235048160 0.004635178 -0.041652966 0.046893608 0.067566462 0.071304925 0.994058073
1305031113.679288 0.225760192 0.002338072 -0.040752720 0.045174245 0.067775279 0.068391643 0.994328141
1305031113.711931 0.212745935 0.000725583 -0.033488441 0.045071196 0.069497496 0.063755333 0.994521976
1305031113.743590 0.201798394 0.000435071 -0.031112095 0.045689370 0.073066734 0.058514029 0.994560122
1305031113.779320 0.190415889 -0.002633722 -0.029686246 0.045697071 0.076153800 0.054143440 0.994575739
1305031113.811237 0.182607278 -0.003421359 -0.027346695 0.046325374 0.076059312 0.052779019 0.994627237
1305031113.843295 0.173335299 -0.003103480 -0.025787110 0.045596570 0.077793323 0.049682703 0.994686306
1305031113.879281 0.153649390 -0.011411935 -0.020527765 0.044969231 0.082337573 0.044859305 0.994578242
1305031113.911290 0.146646425 -0.010506087 -0.020254742 0.048129920 0.079761341 0.045336369 0.994618654
1305031113.943291 0.135983482 -0.011377828 -0.017385103 0.050817505 0.082724430 0.041517954 0.994409621
1305031113.979293 0.124434635 -0.013132305 -0.016182955 0.053201977 0.085495360 0.036614146 0.994243205
1305031114.011257 0.110681504 -0.013472399 -0.014711267 0.056050263 0.087624714 0.031221164 0.994085252
1305031114.043301 0.096795447 -0.012688676 -0.008339821 0.058733217 0.088215515 0.029174205 0.993940294
1305031114.079285 0.086024351 -0.015371985 -0.006873653 0.060936052 0.082905583 0.027972536 0.994299293
1305031114.111263 0.073792577 -0.013653190 -0.004439743 0.064146556 0.078387149 0.023241909 0.994585574
1305031114.143284 0.064990111 -0.015738642 -0.001992974 0.063677780 0.073050998 0.020061279 0.995091081
1305031114.179337 0.059057105 -0.020148886 0.000390595 0.065251470 0.069868334 0.017159067 0.995271921
1305031114.211303 0.047312006 -0.015223390 0.001596711 0.068638429 0.070314080 0.014013452 0.995061994
1305031114.243337 0.033530690 -0.017342465 0.006135659 0.066132352 0.069297336 0.010163421 0.995349705
1305031114.279390 0.022154821 -0.019597532 0.007846349 0.065958217 0.063310288 0.007931433 0.995780349
1305031114.311429 0.015421553 -0.018719390 0.013158436 0.066081375 0.053781979 0.007178552 0.996337891
1305031114.343331 0.010226431 -0.020949518 0.015056459 0.064650737 0.047369137 0.003795286 0.996775866
1305031114.379320 0.000540168 -0.020773778 0.019631401 0.065278538 0.046650723 0.000130684 0.996775985
1305031114.411397 -0.010113531 -0.022001095 0.021734053 0.065970667 0.046157639 -0.004540547 0.996743083
1305031114.443345 -0.021105567 -0.022644460 0.022030216 0.065777570 0.042756055 -0.006812213 0.996894598
1305031114.479332 -0.030860575 -0.025681147 0.023918055 0.065058939 0.036252245 -0.008719429 0.997184575
1305031114.511266 -0.037192632 -0.025736716 0.025364226 0.064747401 0.028505187 -0.011516059 0.997428000
1305031114.543236 -0.038748834 -0.026803240 0.029666916 0.062452331 0.023172438 -0.010781358 0.997720659
1305031114.579237 -0.043488421 -0.026985891 0.033101078 0.062048487 0.022685958 -0.008295665 0.997780800
1305031114.611391 -0.046140809 -0.027049262 0.031455237 0.059719905 0.020770619 -0.005377010 0.997984588
1305031114.644136 -0.053602446 -0.029506151 0.032837063 0.054650348 0.019046064 -0.003858187 0.998316407
1305031114.679251 -0.056874301 -0.033688024 0.033547375 0.051034112 0.012536411 -0.004453939 0.998608291
1305031114.711306 -0.055624869 -0.034595799 0.035712838 0.050935145 0.006844081 -0.003992250 0.998670518
1305031114.743200 -0.055539761 -0.036826394 0.036277201 0.051164635 0.003571779 -0.007457964 0.998655975
1305031114.779289 -0.057479568 -0.035098396 0.036339268 0.053202555 0.004017605 -0.012092299 0.998502433
1305031114.811303 -0.056732733 -0.032107804 0.036609460 0.053849649 0.004180548 -0.013438336 0.998449862
1305031114.843208 -0.056712005 -0.032267664 0.035801794 0.053546466 0.004143650 -0.016271541 0.998424172
1305031114.879281 -0.053430922 -0.029039310 0.034786079 0.053976335 0.003264797 -0.015691599 0.998413563
1305031114.912879 -0.050356582 -0.027065160 0.033561602 0.053068046 0.002565105 -0.015945636 0.998460293
1305031114.943234 -0.043631073 -0.023169344 0.034009390 0.051649813 0.001815720 -0.017777734 0.998505354
1305031114.979280 -0.038012758 -0.020745743 0.033984974 0.050030492 0.003509700 -0.017338987 0.998591006
1305031115.011300 -0.032126974 -0.016558569 0.033261985 0.046677236 0.004281774 -0.018480003 0.998729885
1305031115.043508 -0.021600189 -0.017034233 0.037165653 0.042763151 0.005205900 -0.017849928 0.998912215
1305031115.079238 -0.012232311 -0.012298855 0.037104703 0.042451389 0.007201754 -0.017986277 0.998910666
1305031115.111230 0.006366654 -0.009449929 0.039428622 0.040249009 0.006663223 -0.016106356 0.999037623
1305031115.143275 0.017546298 -0.010475028 0.039526995 0.038135573 0.014344844 -0.012417538 0.999092460
1305031115.179440 0.021301495 -0.009387509 0.037943255 0.036261819 0.019629987 -0.010817064 0.999090970
1305031115.211374 0.039488129 -0.013826724 0.038659453 0.034023944 0.018052753 -0.007179020 0.999232173
1305031115.243297 0.053325865 -0.016580066 0.040112562 0.037680350 0.022510378 -0.002826404 0.999032259
1305031115.279966 0.064496875 -0.009288345 0.039133575 0.041030798 0.024554107 0.001360101 0.998855233
1305031115.311704 0.085941553 -0.012963741 0.045242503 0.040035728 0.025108086 0.007629373 0.998853624
1305031115.343235 0.097375736 -0.010071333 0.040580325 0.043745499 0.034583647 0.012534142 0.998365283
1305031115.379166 0.098246269 -0.001025047 0.039228659 0.042538188 0.041073270 0.016757958 0.998109519
1305031115.411237 0.111844346 -0.003857739 0.041503228 0.035429578 0.033463079 0.019853644 0.998614430
1305031115.443159 0.133725390 -0.000605623 0.043567374 0.033751335 0.027148610 0.025514022 0.998735607
1305031115.479241 0.139747441 0.004578483 0.044653062 0.032077324 0.029764932 0.032088470 0.998526633
1305031115.511253 0.168099388 0.004684378 0.048626035 0.029211925 0.024211969 0.037701044 0.998568535
1305031115.543604 0.184133545 0.003997691 0.043396089 0.028301412 0.036435068 0.044823695 0.997929037
1305031115.579315 0.204536855 0.001649343 0.036632493 0.026378697 0.045142040 0.051714003 0.997292340
1305031115.611424 0.216749802 0.002003884 0.035858430 0.026990406 0.050877191 0.058037981 0.996651709
1305031115.643254 0.229500741 0.003901988 0.032451455 0.029098880 0.057653528 0.066244923 0.995711267
1305031115.679241 0.239226952 0.004368242 0.028244788 0.030836537 0.060215566 0.077288151 0.994710863
1305031115.711320 0.256108910 0.008122277 0.025373032 0.032406535 0.057670787 0.086715490 0.994034350
1305031115.743250 0.277688533 0.009873892 0.018961007 0.032452814 0.060409084 0.091673836 0.993425131
1305031115.779425 0.287487209 0.011813052 0.016107166 0.034898914 0.070857778 0.100329161 0.991814137
1305031115.811277 0.302337676 0.014955028 0.010888135 0.034882937 0.077107243 0.109015852 0.990430772
1305031115.843224 0.314172804 0.016652349 0.012373217 0.033217743 0.086466528 0.117111541 0.988789678
1305031115.879198 0.320127457 0.015686387 0.013571206 0.034013774 0.094350353 0.124717765 0.987110198
1305031115.911118 0.333317339 0.020581394 0.007845884 0.037037682 0.093178138 0.129898950 0.986444294
1305031115.943311 0.346128315 0.024479520 0.007444309 0.037157126 0.098064184 0.136818901 0.985029638
1305031115.980740 0.356201887 0.026439834 0.005714703 0.035515506 0.103375621 0.143582091 0.983583450
1305031116.011379 0.370117873 0.032930735 0.006037097 0.034755908 0.110633999 0.147020802 0.982312143
1305031116.043164 0.382807136 0.038153194 0.006587421 0.032649901 0.121342912 0.149985597 0.980670333
1305031116.080030 0.390701950 0.042280056 0.002784384 0.028430214 0.132099181 0.153546050 0.978859067
1305031116.111300 0.403630555 0.039496634 0.004006742 0.018815685 0.139097393 0.158274531 0.977367401
1305031116.143441 0.409034669 0.039110404 0.006902551 0.014071362 0.148896292 0.162341058 0.975334466
1305031116.179572 0.416728437 0.043307386 0.008002240 0.013387934 0.153547615 0.165023774 0.974171996
1305031116.211299 0.427380800 0.043401085 0.005804131 0.007984730 0.156306207 0.169202745 0.973075032
1305031116.243320 0.429315984 0.041283850 0.006374300 0.004964403 0.165375054 0.173675686 0.970805407
1305031116.279385 0.443522990 0.043102499 0.002969582 0.003781740 0.170409620 0.178028658 0.969150186
1305031116.311336 0.443764776 0.047141429 0.007062037 0.002668157 0.181991845 0.182138354 0.966280222
1305031116.343292 0.448157281 0.043897830 0.003819161 0.000569366 0.187598228 0.186212271 0.964433312
1305031116.379384 0.450038105 0.044263806 0.003364416 0.006142728 0.192248896 0.185402781 0.963653684
1305031116.411333 0.448795468 0.044851620 0.001843305 0.009082016 0.195613205 0.188496009 0.962352455
1305031116.443369 0.448399007 0.044103041 0.001242045 0.006427648 0.197595134 0.197950184 0.960067987
1305031116.479850 0.449030042 0.043190096 0.000176115 0.006819937 0.197909534 0.202522680 0.959046304
1305031116.511205 0.446877122 0.042983565 -0.002672978 0.008528640 0.196986377 0.198841929 0.959992468
1305031116.543262 0.444258809 0.041806415 -0.005574286 0.009747565 0.196233541 0.194341242 0.961056113
1305031116.579313 0.440076530 0.039839230 -0.010585169 0.008015266 0.192182779 0.192016542 0.962357104
1305031116.611261 0.434979379 0.035233784 -0.018025333 0.006718360 0.184837863 0.186714798 0.964845777
1305031116.643355 0.425815433 0.037513983 -0.015462014 0.010276107 0.177625194 0.176179618 0.968144834
1305031116.679281 0.404428005 0.042648159 -0.010171754 0.015280450 0.176785544 0.166150019 0.970003903
1305031116.711634 0.396153271 0.040700477 -0.009439964 0.014358719 0.172729671 0.155963749 0.972436905
1305031116.743291 0.376797795 0.037150167 -0.009091076 0.011887654 0.172312632 0.145269647 0.974199057
1305031116.779298 0.366536051 0.033791758 -0.004506974 0.007375322 0.169704124 0.133862779 0.976333380
1305031116.811318 0.355616897 0.029025771 -0.003144658 0.005825401 0.165799558 0.126216069 0.978031754
1305031116.846089 0.342238516 0.029672118 -0.002389905 0.008900590 0.156898752 0.117871143 0.980515122
1305031116.880165 0.317752898 0.034427859 0.003255532 0.012248416 0.153329059 0.110642754 0.981885076
1305031116.912044 0.311219454 0.036422808 0.013664187 0.014732701 0.140671581 0.106465116 0.984205067
1305031116.943296 0.286179930 0.035089225 0.013961962 0.014809136 0.132389322 0.098054908 0.986224651
1305031116.979351 0.276356637 0.027773764 0.007290078 0.011484659 0.120237812 0.085138254 0.989020944
1305031117.011382 0.263255984 0.028899124 0.007700364 0.014114669 0.108828895 0.075185791 0.991112590
1305031117.043261 0.253035575 0.031094532 0.009611622 0.014775868 0.097751416 0.069420949 0.992676735
1305031117.079520 0.236142561 0.033375930 0.009457631 0.014100936 0.090780102 0.061536096 0.993867934
1305031117.111238 0.229773983 0.034316719 0.016315440 0.013568285 0.080787413 0.061039120 0.994768083
1305031117.143218 0.216570139 0.038918350 0.017417049 0.013568354 0.071633406 0.060560755 0.995498359
1305031117.179264 0.207488060 0.039683007 0.020165659 0.011431090 0.063705087 0.054053821 0.996438265
1305031117.211361 0.204426527 0.039906189 0.023226798 0.009881455 0.056086507 0.050820798 0.997082710
1305031117.243277 0.200929061 0.043001615 0.023798002 0.007287125 0.051427066 0.049418543 0.997426689
1305031117.279299 0.203745559 0.040668573 0.026372910 0.001502586 0.049868930 0.046164036 0.997687221
1305031117.311200 0.203530952 0.037854884 0.025942020 -0.002796813 0.052750152 0.044973530 0.997590601
1305031117.343243 0.200528622 0.035012286 0.025512643 -0.004676280 0.053282507 0.043542027 0.997618794
1305031117.379454 0.202280596 0.029023129 0.025220254 -0.005981875 0.052225761 0.043608639 0.997664750
1305031117.411221 0.200288385 0.025796477 0.026062822 -0.004330946 0.051095415 0.043891169 0.997719407
1305031117.443274 0.200452268 0.022412580 0.023510944 -0.001721215 0.049600940 0.044479188 0.997776747
1305031117.479403 0.198533699 0.016604319 0.021627879 -0.000732753 0.048595734 0.046013542 0.997757792
1305031117.511325 0.198499829 0.010222743 0.021576595 0.002222495 0.047311354 0.047063943 0.997768342
1305031117.544285 0.198074430 0.006686655 0.020312708 0.007257996 0.046900954 0.047270667 0.997754037
1305031117.579155 0.197468102 0.000624222 0.019898128 0.009463239 0.045914557 0.045503400 0.997863591
1305031117.611159 0.197881684 -0.005328441 0.020588916 0.010478038 0.044295277 0.045333322 0.997934401
1305031117.643252 0.192921042 -0.012593359 0.021482576 0.011565279 0.043950446 0.047135036 0.997854173
1305031117.679262 0.192315996 -0.017781070 0.022434959 0.012142507 0.041790921 0.047111649 0.997941196
1305031117.711184 0.194067940 -0.025941471 0.024674004 0.011472692 0.038818352 0.049135275 0.997971594
1305031117.743184 0.195251197 -0.035209253 0.026588123 0.011171770 0.036343388 0.052111063 0.997917235
1305031117.779467 0.196946129 -0.041288704 0.027217358 0.011626612 0.033426724 0.054445438 0.997889400
1305031117.811320 0.201657504 -0.052919231 0.030259348 0.009292558 0.029689640 0.056709576 0.997905910
1305031117.843291 0.207146466 -0.060284209 0.032914519 0.012057779 0.028440276 0.056847330 0.997904897
1305031117.879451 0.207807779 -0.067911319 0.033718124 0.012803852 0.031798106 0.057225674 0.997772634
1305031117.911407 0.208205819 -0.079737373 0.036858097 0.011806967 0.033798691 0.056990810 0.997732580
1305031117.943253 0.207749248 -0.084692471 0.038672153 0.014013414 0.036747646 0.056601774 0.997621953
1305031117.979228 0.206271067 -0.092344128 0.041605446 0.012255582 0.039257519 0.056134574 0.997575819
1305031118.011228 0.212177336 -0.106750868 0.045031659 0.007647263 0.037248444 0.057233464 0.997636437
1305031118.043521 0.211760581 -0.111206472 0.047257587 0.009877061 0.039343104 0.057395697 0.997527063
1305031118.079334 0.213553518 -0.118819796 0.049578466 0.009816672 0.040520113 0.055679012 0.997577906
1305031118.111217 0.217884511 -0.129978314 0.052604232 0.008762595 0.043933723 0.054628022 0.997501314
1305031118.143256 0.218352884 -0.137484893 0.054838508 0.009829853 0.048558827 0.053557064 0.997335017
1305031118.179323 0.219581798 -0.149113417 0.056953330 0.008633071 0.051610973 0.052384194 0.997255087
1305031118.211202 0.218776077 -0.159084544 0.059506275 0.010994502 0.054674961 0.053383186 0.997015536
1305031118.243173 0.220426336 -0.159714893 0.059605844 0.016729230 0.053358972 0.052516676 0.997053146
1305031118.279194 0.223430112 -0.170207366 0.061108045 0.019168993 0.052915972 0.052275699 0.997045457
1305031118.311299 0.224423051 -0.177919865 0.061137080 0.025340538 0.053107664 0.051261432 0.996950150
1305031118.343324 0.226794258 -0.181139350 0.065298773 0.030903643 0.053868655 0.049137887 0.996859372
1305031118.379208 0.224848777 -0.189562693 0.064861946 0.033513535 0.056821499 0.048104733 0.996661484
1305031118.411296 0.224188745 -0.189900264 0.066212788 0.037349328 0.055476919 0.048050046 0.996603489
1305031118.445692 0.227756992 -0.191975594 0.068247497 0.038183678 0.054020941 0.051061653 0.996502101
1305031118.479285 0.228392541 -0.195028126 0.069628656 0.038772691 0.053310938 0.053404752 0.996394753
1305031118.511255 0.229428515 -0.192880720 0.069907889 0.041304357 0.053016294 0.053860243 0.996284246
1305031118.544414 0.228678867 -0.188923582 0.070317209 0.040869221 0.054121017 0.052672636 0.996306241
1305031118.579285 0.230970353 -0.186003372 0.072336622 0.039397355 0.054097306 0.052891005 0.996355295
1305031118.616142 0.230657071 -0.180519626 0.072523199 0.039662816 0.056417190 0.050263818 0.996352077
1305031118.645325 0.228209555 -0.174716905 0.070809864 0.038496967 0.059302233 0.048610374 0.996312320
1305031118.679295 0.226168603 -0.170144215 0.069527224 0.035068776 0.060832188 0.046615321 0.996442020
1305031118.711421 0.225661337 -0.168225288 0.069126122 0.032643132 0.060365416 0.044134043 0.996665776
1305031118.746770 0.220470950 -0.158645004 0.067617260 0.036038198 0.059382025 0.044178110 0.996605933
1305031118.779277 0.217722550 -0.140491456 0.065459855 0.037461817 0.055881687 0.043451395 0.996787786
1305031118.811221 0.221495628 -0.142049089 0.063236579 0.030052274 0.052391108 0.042925909 0.997250915
1305031118.846753 0.224217594 -0.132339701 0.061176602 0.034578767 0.050866697 0.043667834 0.997150958
1305031118.879208 0.220622361 -0.112378687 0.056399677 0.038940810 0.053881198 0.041762050 0.996913433
1305031118.911177 0.219134912 -0.107236803 0.055640869 0.035014335 0.055114545 0.039966777 0.997065246
1305031118.946974 0.216962054 -0.095738158 0.051374391 0.036369409 0.056693800 0.038522724 0.996985018
1305031118.979374 0.213421091 -0.081376567 0.047579404 0.036605798 0.058263954 0.035039406 0.997014344
1305031119.011363 0.209847584 -0.070707992 0.044989564 0.033739489 0.058386933 0.032819901 0.997183800
1305031119.047172 0.206777230 -0.062919803 0.041964389 0.031333573 0.058126014 0.032951832 0.997273207
1305031119.079223 0.202824458 -0.054207936 0.037911288 0.031475503 0.056475170 0.032424103 0.997380853
1305031119.111328 0.201082185 -0.045261856 0.034802280 0.031559024 0.052667346 0.033660412 0.997545600
1305031119.147616 0.196252331 -0.034148466 0.030499429 0.032480862 0.050301954 0.033794373 0.997633576
1305031119.179226 0.196280956 -0.029233828 0.027135471 0.031305403 0.045438915 0.033573970 0.997911870
1305031119.211364 0.195675910 -0.018551376 0.022990221 0.034640510 0.043198053 0.034630153 0.997865140
1305031119.247399 0.191240311 -0.008915268 0.020978989 0.036094692 0.043340232 0.034720249 0.997804284
1305031119.279212 0.188478664 -0.004943172 0.019394225 0.035052568 0.042885475 0.034761302 0.997859597
1305031119.311212 0.185632661 0.003775826 0.016908450 0.035476435 0.042799223 0.037602633 0.997745335
1305031119.347741 0.189051971 0.008395087 0.014201029 0.035553794 0.039354075 0.039179903 0.997823715
1305031119.379239 0.181528747 0.021178320 0.013659764 0.038379859 0.039190117 0.039468471 0.997714043
1305031119.411484 0.183762878 0.029706152 0.012473654 0.037774995 0.037888039 0.040539905 0.997744501
1305031119.447706 0.182858765 0.036730953 0.010909527 0.036645308 0.040149137 0.041412231 0.997662365
1305031119.479267 0.179621786 0.047967181 0.009894095 0.039289501 0.042928882 0.040097706 0.997499704
1305031119.511240 0.175794512 0.058333807 0.007677669 0.038285032 0.044823963 0.040959798 0.997420371
1305031119.547382 0.174649030 0.066905841 0.007181519 0.037565917 0.044273969 0.042797439 0.997395098
1305031119.579559 0.173860654 0.078464560 0.006402653 0.036976472 0.045376673 0.042028774 0.997400224
1305031119.615017 0.171257213 0.082845181 0.006179771 0.031836420 0.047461484 0.043787848 0.997404873
1305031119.647903 0.168318838 0.098459899 0.007892461 0.032669459 0.048116855 0.044527333 0.997313797
1305031119.679208 0.168882757 0.109764233 0.008083847 0.029419476 0.049663156 0.042772911 0.997415960
1305031119.715232 0.166006640 0.115846418 0.009198083 0.023291236 0.054355495 0.045704771 0.997203112
1305031119.747193 0.162029371 0.120124564 0.008138739 0.018516626 0.056165095 0.051820178 0.996903837
1305031119.779169 0.160956293 0.126751691 0.010333299 0.016398365 0.054119177 0.053981468 0.996939421
1305031119.814537 0.161367685 0.136002883 0.011021882 0.015720921 0.052052066 0.058297984 0.996817350
1305031119.847429 0.162983969 0.143965945 0.011515683 0.013631405 0.051059660 0.063023604 0.996611834
1305031119.879214 0.161208957 0.147309884 0.010201652 0.011861742 0.053492267 0.063272215 0.996491075
1305031119.911401 0.157535210 0.161286518 0.010583029 0.015489687 0.056019921 0.064294815 0.996236920
1305031119.947392 0.158609495 0.165917769 0.009882191 0.010462318 0.056332737 0.064622834 0.996263504
1305031119.979537 0.160699710 0.173475191 0.007191946 0.008568205 0.058818333 0.063914537 0.996183693
1305031120.015264 0.155890435 0.185123861 0.007894354 0.007916356 0.063405044 0.064881578 0.995845139
1305031120.047290 0.152809888 0.179773107 0.007494264 -0.003686505 0.064806774 0.067943901 0.995575249
1305031120.079418 0.151535064 0.180471957 0.007696830 -0.004772075 0.062695444 0.069682322 0.995585680
1305031120.115232 0.150762364 0.184690818 0.007557571 -0.004301584 0.060447305 0.071612306 0.995589912
1305031120.148157 0.154190049 0.180234462 0.007159674 -0.008078975 0.057963964 0.072439335 0.995654285
1305031120.179246 0.154435515 0.175877526 0.006850408 -0.007926479 0.058688156 0.075877927 0.995356917
1305031120.215249 0.158247679 0.171516076 0.006237959 -0.004064321 0.056857884 0.075317383 0.995528996
1305031120.248003 0.158287451 0.168256998 0.007161465 -0.000379808 0.057844315 0.072487347 0.995690465
1305031120.279430 0.159288019 0.163351089 0.006914765 0.002441003 0.058844641 0.070814177 0.995749295
1305031120.315196 0.162377983 0.154769555 0.007937668 0.003337957 0.058485195 0.068262905 0.995946050
1305031120.347787 0.159760073 0.144520730 0.009597231 0.005401635 0.060650472 0.066914998 0.995898962
1305031120.379437 0.163136676 0.140307367 0.009019483 0.007783072 0.060333908 0.065561533 0.995992422
1305031120.415445 0.167940557 0.125304714 0.011554019 0.011184524 0.058848374 0.064666674 0.996107399
1305031120.447417 0.169725269 0.120163061 0.011558669 0.018496592 0.058075503 0.064206488 0.996073604
1305031120.479432 0.174361035 0.108188935 0.013680302 0.019458970 0.055982150 0.064380996 0.996163845
1305031120.514819 0.173315361 0.096692771 0.016264841 0.025109524 0.056011565 0.065632530 0.995954096
1305031120.547736 0.175187021 0.092574202 0.018269850 0.033651929 0.052879967 0.066311136 0.995828331
1305031120.579551 0.170048699 0.081727676 0.020698197 0.036097627 0.051709000 0.069170319 0.995609641
1305031120.615236 0.178634226 0.072655536 0.024231540 0.039066527 0.044241637 0.071698055 0.995678604
1305031120.647354 0.181530342 0.067058124 0.026362246 0.045111913 0.041076649 0.071122460 0.995599926
1305031120.679318 0.184602439 0.060214411 0.028484415 0.047445733 0.039047658 0.071685791 0.995532691
1305031120.714522 0.185192123 0.051753290 0.029303977 0.049088284 0.039209537 0.071890704 0.995431900
1305031120.747369 0.186468050 0.043629330 0.031271324 0.050036885 0.037000690 0.072253421 0.995442986
1305031120.779894 0.186708897 0.033733632 0.034977309 0.051532697 0.035845008 0.071985103 0.995428383
1305031120.814944 0.186984062 0.027819837 0.034473963 0.054411262 0.036428962 0.070854440 0.995335102
1305031120.847921 0.189258054 0.019407872 0.036124226 0.053154994 0.035325177 0.069208704 0.995558560
1305031120.883435 0.192549109 0.010196885 0.037582133 0.054599956 0.035187799 0.067503937 0.995602250
1305031120.915444 0.191541314 0.005615197 0.037777882 0.056694172 0.037786394 0.065177545 0.995544970
1305031120.947488 0.193237528 -0.003448106 0.039159846 0.055840280 0.038085356 0.063501306 0.995690227
1305031120.983366 0.197807744 -0.011222668 0.040659573 0.056000698 0.036536828 0.061337505 0.995874822
1305031121.015019 0.199679002 -0.020747516 0.040361729 0.056512032 0.035720959 0.060180146 0.995946169
1305031121.047498 0.198694140 -0.025569158 0.039862495 0.057844009 0.037005950 0.058952071 0.995896220
1305031121.083099 0.199979499 -0.037483666 0.041696731 0.057085887 0.035670612 0.058014207 0.996043742
1305031121.114696 0.201304242 -0.043197494 0.041942060 0.060200192 0.034206137 0.058073953 0.995908260
1305031121.147331 0.201014712 -0.050720297 0.041870482 0.061787758 0.034386281 0.056715138 0.995883107
1305031121.183271 0.203525737 -0.060651474 0.041777458 0.062417544 0.032499310 0.056006249 0.995947361
1305031121.211420 0.208194092 -0.068731904 0.044017039 0.064593308 0.031492162 0.056121398 0.995834529
1305031121.247194 0.204561844 -0.075699091 0.042112514 0.066106863 0.035048850 0.054882120 0.995685399
1305031121.282876 0.207157463 -0.085215233 0.043255251 0.065255202 0.032734655 0.056589920 0.995724738
1305031121.313568 0.208872437 -0.093380488 0.044486217 0.068135321 0.032681737 0.056505136 0.995538354
1305031121.347517 0.207657903 -0.100776374 0.044379547 0.069758601 0.032237932 0.057605840 0.995377362
1305031121.383226 0.212433547 -0.114225827 0.046217911 0.068914048 0.029357687 0.058074150 0.995498061
1305031121.414318 0.212079719 -0.120036051 0.046167120 0.073724426 0.031294208 0.056030627 0.995211542
1305031121.447319 0.212456718 -0.126861423 0.047905598 0.074886598 0.031791162 0.056806698 0.995065033
1305031121.482964 0.216971368 -0.137879625 0.050686121 0.075346626 0.032579947 0.059146583 0.994868398
1305031121.514107 0.214872196 -0.142809153 0.048264980 0.078748554 0.035504382 0.059538681 0.994481444
1305031121.547270 0.215490893 -0.146958321 0.049806837 0.078357942 0.035504114 0.059778728 0.994497895
1305031121.583204 0.216730595 -0.159842506 0.049961865 0.075320102 0.038159352 0.057803787 0.994750917
1305031121.614700 0.217665985 -0.164790690 0.051801614 0.076927103 0.040119581 0.056944370 0.994600415
1305031121.647183 0.219193265 -0.169282809 0.051729895 0.077312998 0.044312067 0.054584228 0.994524837
1305031121.683200 0.217215851 -0.177332669 0.052603245 0.073933773 0.049068432 0.053767812 0.994602978
1305031121.714520 0.215853631 -0.183376506 0.054235294 0.073347084 0.050135057 0.055391278 0.994504154
1305031121.747145 0.219098151 -0.190523118 0.053771824 0.070417352 0.049135022 0.055833206 0.994741082
1305031121.782835 0.221498102 -0.197299674 0.055520624 0.068230361 0.048625730 0.058232464 0.994780958
1305031121.811540 0.224465206 -0.200360537 0.057484969 0.067308232 0.048737802 0.060669031 0.994692683
1305031121.847335 0.222993314 -0.203000218 0.058279850 0.065645665 0.050795242 0.063603781 0.994517505
1305031121.882060 0.223279759 -0.204457238 0.060004413 0.064191364 0.050251462 0.070054643 0.994206548
1305031121.914931 0.222182229 -0.206057176 0.058499601 0.062295157 0.048796363 0.072038032 0.994257867
1305031121.947288 0.224366263 -0.205522433 0.059704363 0.062600985 0.046115257 0.071528777 0.994403422
1305031121.982926 0.224313945 -0.201604962 0.059539296 0.063285679 0.046482444 0.070759669 0.994397998
1305031122.014256 0.222403407 -0.199983239 0.058857143 0.062107347 0.047148351 0.068790033 0.994579136
1305031122.047306 0.221226051 -0.195527598 0.057653673 0.063127309 0.046477046 0.064678483 0.994822323
1305031122.082959 0.221453995 -0.189312369 0.056889724 0.063911200 0.045910031 0.061407272 0.995005906
1305031122.114672 0.218132168 -0.179736838 0.055031035 0.065959953 0.046918031 0.056976870 0.995088756
1305031122.150725 0.218498915 -0.172803164 0.054869592 0.064995706 0.046436671 0.052007690 0.995446801
1305031122.183042 0.218176976 -0.163803264 0.053020142 0.066467635 0.047601778 0.047058631 0.995540857
1305031122.214959 0.212849304 -0.142738208 0.051500831 0.067740731 0.050687268 0.042020172 0.995528162
1305031122.251319 0.211914405 -0.140396088 0.050173718 0.059863701 0.051110759 0.039266322 0.996123552
1305031122.283560 0.207934245 -0.129050478 0.047190912 0.060126130 0.051201172 0.037026491 0.996188879
1305031122.314289 0.204083711 -0.113587812 0.045273174 0.055670545 0.049301818 0.032989785 0.996685386
1305031122.351327 0.202076703 -0.103768058 0.045319032 0.049734578 0.046011601 0.031649061 0.997199953
1305031122.382630 0.195656851 -0.091625459 0.043027185 0.046405040 0.045568142 0.030795094 0.997407556
1305031122.414997 0.194824055 -0.086560592 0.041736595 0.041683771 0.040637884 0.030375857 0.997841835
1305031122.451257 0.191425741 -0.076864101 0.037195571 0.040502764 0.036453739 0.031474877 0.998018026
1305031122.483360 0.190478891 -0.067789100 0.034484576 0.037675962 0.031029018 0.031395148 0.998314619
1305031122.515097 0.189589575 -0.056158092 0.033898603 0.038080152 0.026908327 0.030028110 0.998460889
1305031122.551490 0.189705506 -0.046814527 0.030282313 0.036575042 0.025507225 0.028120279 0.998609483
1305031122.583208 0.187015206 -0.039183617 0.026967738 0.034779552 0.027436942 0.027010463 0.998653114
1305031122.614980 0.183027074 -0.032474086 0.025941366 0.034053363 0.028023602 0.027935104 0.998636425
1305031122.648788 0.181183502 -0.023257799 0.022278957 0.035613589 0.026130859 0.028417256 0.998619735
1305031122.683402 0.179285541 -0.014326720 0.019793093 0.036288671 0.024945941 0.029375818 0.998597980
1305031122.715208 0.174831450 -0.005840056 0.017882565 0.036724538 0.023128105 0.031875964 0.998549104
1305031122.751298 0.173450008 0.008329008 0.015622538 0.039351631 0.020761663 0.031522717 0.998512268
1305031122.783423 0.174675286 0.020520657 0.015768357 0.037672743 0.019042481 0.031686448 0.998606086
1305031122.812555 0.175647616 0.027360745 0.015616940 0.032432109 0.018858923 0.031602342 0.998796165
1305031122.851418 0.177780852 0.038142871 0.015869604 0.031883784 0.021630313 0.029525742 0.998821199
1305031122.883754 0.173854083 0.045523655 0.015141178 0.028549688 0.028558545 0.030728344 0.998711705
1305031122.914571 0.170829087 0.049425468 0.015058016 0.024147650 0.031373225 0.032669142 0.998681843
1305031122.951341 0.169993430 0.054731969 0.013304610 0.022594990 0.031818978 0.034482788 0.998643100
1305031122.982815 0.165805757 0.064683370 0.013546560 0.022940366 0.032372050 0.038184386 0.998482764
1305031123.015450 0.167065322 0.068113752 0.012096604 0.019393958 0.029792169 0.041329514 0.998512983
1305031123.051827 0.165883332 0.073970206 0.011682081 0.020481912 0.030387348 0.042760033 0.998413086
1305031123.082975 0.162153408 0.085494801 0.010623724 0.023196604 0.032356590 0.044664193 0.998208463
1305031123.113873 0.160064310 0.094293952 0.009976746 0.021016629 0.033652622 0.046656147 0.998122752
1305031123.150822 0.160511106 0.100179911 0.010751606 0.017990632 0.033199217 0.047680866 0.998148620
1305031123.182155 0.162137225 0.113163650 0.011624282 0.018344488 0.033551332 0.048678171 0.998082280
1305031123.214704 0.162170634 0.120461270 0.012400454 0.013763865 0.037554998 0.048696321 0.998012424
1305031123.250618 0.163403153 0.137418672 0.013738300 0.012323452 0.039555546 0.049885102 0.997895241
1305031123.282347 0.160959810 0.144536197 0.016647507 0.004488588 0.043020077 0.052576091 0.997679770
1305031123.311327 0.163004756 0.150052175 0.018043911 -0.001646057 0.044949170 0.054394916 0.997505903
1305031123.350481 0.162365749 0.156768993 0.018229501 -0.006891625 0.048787914 0.055588495 0.997237265
1305031123.382255 0.161756262 0.165035188 0.019414496 -0.010348412 0.052872788 0.060116120 0.996736407
1305031123.411363 0.161601320 0.170374736 0.019781021 -0.013578089 0.056906551 0.062713519 0.996315360
1305031123.451255 0.159528986 0.179271728 0.020525949 -0.013953120 0.059781238 0.064105175 0.996053219
1305031123.483594 0.159172371 0.186847866 0.020850677 -0.016962318 0.060717601 0.069388941 0.995595694
1305031123.511360 0.159990713 0.191882640 0.018160161 -0.021458371 0.061675787 0.072938122 0.995196283
1305031123.551513 0.160345584 0.197757423 0.017687622 -0.022920154 0.060760502 0.074956201 0.995070040
1305031123.579583 0.161009833 0.202474385 0.018094542 -0.025455792 0.060170654 0.078702368 0.994754970
1305031123.611335 0.162004545 0.206892222 0.016781095 -0.028000534 0.060853802 0.079960190 0.994544685
1305031123.652411 0.162011296 0.211624771 0.017107742 -0.032574199 0.062643237 0.080200836 0.994274914
1305031123.683753 0.161806211 0.214951739 0.017979013 -0.037730053 0.066192880 0.081702992 0.993740201
1305031123.711323 0.162209764 0.227198288 0.017994642 -0.037446674 0.068428323 0.083783247 0.993426204
1305031123.751723 0.161706492 0.232198879 0.017909309 -0.039199121 0.069668032 0.086938366 0.993001282
1305031123.783858 0.162614107 0.234636039 0.018370375 -0.040446252 0.068379804 0.088109069 0.992937624
1305031123.811608 0.160547465 0.236549303 0.017560001 -0.040814437 0.069133714 0.090102486 0.992691398
1305031123.851444 0.160996377 0.236707017 0.017231900 -0.041793417 0.068559267 0.091796502 0.992535293
1305031123.883786 0.159187153 0.235696301 0.017052086 -0.041321225 0.068351530 0.093052112 0.992452502
1305031123.911243 0.160810173 0.236667931 0.017043488 -0.036596641 0.066337705 0.091169752 0.992949188
1305031123.951442 0.162740499 0.233168632 0.015046249 -0.038374834 0.064640082 0.092557788 0.992865562
1305031123.983415 0.161962286 0.233981892 0.018929815 -0.036142696 0.062785499 0.093870573 0.992945135
1305031124.011302 0.162727341 0.230968133 0.019969653 -0.029346697 0.059241250 0.092411943 0.993523657
1305031124.051505 0.162120894 0.218730316 0.019896559 -0.030289587 0.057435885 0.092890553 0.993556738
1305031124.083837 0.161811560 0.218138188 0.020852981 -0.026098890 0.055417266 0.093414485 0.993741155
1305031124.111331 0.162975520 0.213731676 0.026019424 -0.017822219 0.053359598 0.089951500 0.994355977
1305031124.147446 0.162941828 0.200498745 0.026053766 -0.018292453 0.053521305 0.088266425 0.994489729
1305031124.182694 0.165436268 0.189429909 0.023167763 -0.020570097 0.051748876 0.086688861 0.994677842
1305031124.211396 0.171086878 0.169760466 0.024565790 -0.022668703 0.049157545 0.084280498 0.994970560
1305031124.249327 0.168203205 0.170602232 0.023311881 -0.012407252 0.050124366 0.083506763 0.995168447
1305031124.282545 0.169043913 0.163881838 0.023129459 -0.011548051 0.045784116 0.083192788 0.995414197
1305031124.311361 0.172492355 0.154049248 0.024756528 -0.008130737 0.041113149 0.082942776 0.995672703
1305031124.350354 0.172285438 0.148601472 0.024108617 -0.002448580 0.039140943 0.080362372 0.995993912
1305031124.382420 0.176227733 0.138552785 0.025162712 -0.000180372 0.035836678 0.079293817 0.996206880
1305031124.411439 0.178394169 0.126575723 0.023968333 0.002831789 0.034583721 0.077558026 0.996383846
1305031124.450245 0.178827375 0.120127104 0.024243196 0.011000134 0.034575161 0.074639045 0.996550322
1305031124.480099 0.179542392 0.108627677 0.025565375 0.016253076 0.033893853 0.072027132 0.996694088
1305031124.511324 0.180192530 0.101842836 0.025114559 0.023065837 0.032794986 0.069255926 0.996792912
1305031124.550437 0.181625739 0.091624863 0.025456507 0.026198762 0.031508159 0.066544749 0.996941686
1305031124.579404 0.183297426 0.080407187 0.026030783 0.028983325 0.029307084 0.063621320 0.997122586
1305031124.611358 0.183643341 0.070256367 0.027196474 0.033742331 0.027715558 0.060504880 0.997212350
1305031124.651271 0.184764117 0.060459886 0.027433416 0.036947455 0.026038624 0.058434181 0.997267425
1305031124.679362 0.188372597 0.047824319 0.027932446 0.039397608 0.023935985 0.056126084 0.997358859
1305031124.711251 0.191515490 0.040340550 0.029715098 0.044218026 0.023306379 0.054438483 0.997265279
1305031124.749890 0.191213191 0.029317429 0.031359553 0.045752838 0.024465920 0.052175507 0.997289240
1305031124.779365 0.192657426 0.018801160 0.032502990 0.048710037 0.023485351 0.051226880 0.997221947
1305031124.811360 0.195116162 0.009258635 0.034112342 0.050621521 0.022176299 0.050422639 0.997197688
1305031124.850535 0.195840791 -0.002916296 0.036342461 0.049899828 0.021520201 0.049875140 0.997275949
1305031124.879355 0.202075034 -0.014446304 0.038531080 0.051129166 0.019646741 0.049497161 0.997271180
1305031124.911448 0.201705724 -0.020700021 0.040187757 0.053391092 0.023255168 0.049067825 0.997096241
1305031124.950730 0.204140484 -0.031603049 0.043997400 0.049909718 0.024133075 0.049538758 0.997232437
1305031124.979438 0.206166744 -0.050119512 0.046906143 0.047995679 0.024899153 0.051787738 0.997193277
1305031125.011454 0.204480052 -0.055450179 0.050133154 0.054695699 0.023795845 0.051968969 0.996865749
1305031125.050763 0.209055886 -0.059973449 0.051522195 0.057796035 0.020320784 0.051864762 0.996773183
1305031125.079364 0.210265875 -0.070169613 0.052649368 0.056331635 0.021261992 0.055184934 0.996659040
1305031125.111364 0.211527705 -0.080613963 0.056118973 0.056951113 0.020012051 0.056037724 0.996602178
1305031125.151013 0.214490414 -0.088270046 0.055716470 0.060236000 0.019488472 0.054193608 0.996521354
1305031125.179353 0.211989924 -0.090676777 0.056889046 0.061374739 0.023492927 0.054181214 0.996366203
1305031125.211320 0.213309169 -0.102874078 0.059556715 0.056613959 0.024357144 0.055263285 0.996567905
1305031125.250632 0.213280022 -0.113458388 0.061001498 0.057653449 0.025100339 0.052395977 0.996644735
1305031125.279467 0.213310450 -0.116763249 0.061814666 0.061232626 0.025620781 0.050916377 0.996494710
1305031125.311493 0.214676082 -0.126392201 0.064243771 0.060317170 0.027162293 0.052282557 0.996438920
1305031125.348880 0.212447837 -0.130859956 0.064009286 0.064216524 0.029960956 0.048361126 0.996313095
1305031125.379401 0.217712149 -0.134514719 0.067082211 0.063888691 0.030446930 0.045094177 0.996472657
1305031125.411335 0.218370825 -0.138794765 0.069683425 0.063607737 0.036684968 0.044517353 0.996306419
1305031125.451195 0.219132200 -0.149834976 0.068395928 0.058498681 0.043028455 0.042490073 0.996454239
1305031125.479424 0.220475227 -0.157288939 0.069884941 0.057675961 0.046715841 0.041865472 0.996362567
1305031125.511316 0.218014076 -0.155091137 0.070547119 0.058798745 0.050633103 0.041413400 0.996124446
1305031125.551020 0.218549281 -0.157255650 0.071742579 0.057682574 0.053663995 0.040125381 0.996083736
1305031125.579308 0.219367668 -0.158990756 0.071899965 0.055771463 0.057057481 0.038237687 0.996078253
1305031125.611533 0.220156029 -0.163814232 0.071904600 0.055334885 0.060015414 0.038592558 0.995915055
1305031125.650575 0.215875745 -0.166619420 0.068095759 0.058883492 0.061502740 0.041445468 0.995506108
1305031125.679328 0.209850132 -0.160559550 0.063893847 0.064334147 0.059538722 0.041407719 0.995289743
1305031125.711443 0.215660065 -0.162857607 0.064452149 0.065537602 0.052429914 0.042517677 0.995564222
1305031125.751260 0.213998631 -0.152574211 0.061295044 0.071990088 0.050769068 0.042585842 0.995201647
1305031125.779348 0.213703170 -0.146628872 0.059915259 0.071813948 0.049941804 0.039384678 0.995388091
1305031125.811573 0.213312581 -0.136798307 0.057568375 0.073109746 0.050359424 0.038471203 0.995308399
1305031125.847412 0.210155457 -0.127177268 0.056580774 0.071346365 0.051867884 0.037026890 0.995413721
1305031125.879318 0.206410661 -0.119122043 0.054292370 0.071748532 0.051994372 0.036840718 0.995385110
1305031125.911305 0.201217547 -0.109108083 0.050614126 0.069275208 0.049903851 0.037497200 0.995642722
1305031125.947343 0.197376266 -0.105456710 0.048230041 0.065625571 0.043991160 0.039243605 0.996101379
1305031125.979324 0.199294224 -0.094868995 0.048730616 0.066553429 0.034577105 0.042843208 0.996262789
1305031126.011333 0.200913996 -0.081771635 0.048401617 0.066430114 0.028198421 0.041841969 0.996514499
1305031126.047324 0.205429167 -0.069389969 0.049120940 0.064405628 0.024107864 0.044005901 0.996661484
1305031126.079356 0.204241782 -0.059232321 0.048051771 0.060404118 0.025447367 0.044724949 0.996846735
1305031126.111370 0.205113009 -0.051133409 0.049731206 0.056739297 0.026433310 0.044284377 0.997056067
1305031126.147432 0.203666985 -0.037143178 0.049371209 0.055931494 0.027467344 0.046346739 0.996980071
1305031126.179384 0.199652031 -0.022082977 0.049770661 0.051913008 0.027904490 0.047180396 0.997146130
1305031126.211319 0.200469017 -0.015702913 0.050710086 0.046453461 0.026490424 0.047389194 0.997444034
1305031126.247298 0.201811075 -0.002642458 0.049631387 0.044499870 0.026229342 0.048756618 0.997474074
1305031126.279363 0.201399162 0.008825205 0.050882787 0.041140568 0.027237808 0.048419967 0.997607648
1305031126.311332 0.202648863 0.020736212 0.051200233 0.037569396 0.028844723 0.047815666 0.997732520
1305031126.347363 0.197692096 0.027902221 0.051337853 0.031896561 0.034731250 0.046394102 0.997809589
1305031126.379423 0.194576398 0.037920255 0.051497720 0.029039094 0.038181346 0.045274571 0.997822225
1305031126.411465 0.194044530 0.048735771 0.049855180 0.025237529 0.039052784 0.044975415 0.997905374
1305031126.447361 0.191595957 0.054643560 0.050358761 0.020150812 0.040855177 0.046065222 0.997899175
1305031126.479533 0.188780621 0.062722296 0.049694363 0.018392198 0.040889055 0.049207740 0.997781754
1305031126.511410 0.185823902 0.076308645 0.048065484 0.017962400 0.039655909 0.050669279 0.997766197
1305031126.547374 0.188405126 0.083316028 0.048155118 0.011870260 0.037157170 0.051770292 0.997896910
1305031126.579454 0.189727932 0.091994278 0.047876582 0.007937125 0.037594251 0.054494828 0.997774482
1305031126.611528 0.188778490 0.099397197 0.047164574 0.003349731 0.039090689 0.056607127 0.997625351
1305031126.647376 0.191158161 0.101676114 0.046935122 -0.002324020 0.039021067 0.059839938 0.997442305
1305031126.679479 0.190717593 0.106668338 0.046050373 -0.003929143 0.040613566 0.064491279 0.997083724
1305031126.711583 0.190369815 0.113177955 0.045353562 -0.005591125 0.041748013 0.067503259 0.996829569
1305031126.747316 0.190776825 0.113674268 0.043697577 -0.008257759 0.043056127 0.071660042 0.996465147
1305031126.779379 0.190559596 0.120565474 0.043511104 -0.006095101 0.043436788 0.073649697 0.996319115
1305031126.811602 0.192512661 0.124255493 0.042058472 -0.006553721 0.044650275 0.074078664 0.996230781
1305031126.847343 0.193710700 0.127190128 0.040419750 -0.007117642 0.047495529 0.075325906 0.996001780
1305031126.879357 0.192822352 0.129859999 0.039533429 -0.007607717 0.049889728 0.075781830 0.995846510
1305031126.911364 0.193839982 0.130740792 0.038535967 -0.008321580 0.051433351 0.075530112 0.995781362
1305031126.947437 0.192059264 0.131538406 0.037326671 -0.009067942 0.053153388 0.077412285 0.995539963
1305031126.979337 0.192043811 0.131187007 0.036484018 -0.009575924 0.052243758 0.078715079 0.995481193
1305031127.011371 0.191895708 0.130978703 0.036832538 -0.008032685 0.051555920 0.078567877 0.995542347
1305031127.047297 0.193336457 0.131652385 0.035834644 -0.007085916 0.050285414 0.079883836 0.995509803
1305031127.079299 0.192645878 0.131546125 0.036395773 -0.007023253 0.050235331 0.079876542 0.995513320
1305031127.111435 0.191201717 0.127012044 0.034933057 -0.008763188 0.048802182 0.081014030 0.995478928
1305031127.147307 0.190921396 0.124283701 0.035452418 -0.007690579 0.045873150 0.080648497 0.995656729
1305031127.179349 0.191875398 0.124524809 0.035630755 -0.004842748 0.042669758 0.079957463 0.995872796
1305031127.211700 0.193217859 0.123147078 0.036885001 -0.003986172 0.040853269 0.079179697 0.996014893
1305031127.247374 0.194706321 0.118977845 0.037479598 -0.003242274 0.040412031 0.078459471 0.996092558
1305031127.279465 0.193592325 0.120639265 0.038386475 0.000964004 0.041026875 0.076729149 0.996207058
1305031127.311362 0.192220911 0.116027310 0.038407195 -0.000879955 0.040993504 0.076200426 0.996249080
1305031127.347356 0.194326311 0.110386208 0.040410887 -0.000255462 0.038887400 0.075159281 0.996412933
1305031127.379262 0.193959668 0.110188656 0.040296115 0.002845864 0.038141489 0.075056747 0.996445477
1305031127.411371 0.193362966 0.108162388 0.041673344 0.003002824 0.037485059 0.074131705 0.996539176
1305031127.447333 0.194594353 0.102927089 0.043027565 0.002334552 0.035817854 0.073908858 0.996618807
1305031127.479362 0.192867547 0.105623089 0.043464974 0.006353651 0.035939455 0.072528668 0.996698320
1305031127.511356 0.192783296 0.105070919 0.044370424 0.005675610 0.034893163 0.071400672 0.996821046
1305031127.547348 0.192843810 0.100052632 0.046047140 0.004339433 0.034317922 0.071308680 0.996854305
1305031127.579345 0.192309782 0.100657023 0.045979600 0.006728297 0.034161352 0.070944808 0.996872425
1305031127.611271 0.192048773 0.101142392 0.046414018 0.006843699 0.033782490 0.070636034 0.996906459
1305031127.647358 0.193287775 0.098182432 0.047368083 0.005316772 0.032874458 0.072052434 0.996844769
1305031127.679298 0.192449436 0.097440161 0.048241202 0.007227210 0.033067457 0.071989633 0.996830881
1305031127.711375 0.191700280 0.098298341 0.047682565 0.008046629 0.032638192 0.071694642 0.996860027
1305031127.747304 0.193994060 0.096210137 0.048660662 0.006341797 0.030920774 0.071982026 0.996906340
1305031127.779346 0.193075135 0.094675891 0.048950203 0.007403208 0.031443067 0.071663119 0.996905684
1305031127.811829 0.192295089 0.095579401 0.048250772 0.009158809 0.031595614 0.070685782 0.996956050
1305031127.847366 0.191985935 0.094506383 0.048458919 0.008469788 0.031716973 0.069597721 0.997034788
1305031127.879380 0.191664547 0.093205847 0.048794400 0.008237070 0.031463496 0.069281980 0.997066796
1305031127.911476 0.190053016 0.093248650 0.048667524 0.008723571 0.031436093 0.068949938 0.997086525
1305031127.947366 0.190638483 0.094629765 0.049240887 0.008830719 0.030172603 0.068935297 0.997125626
1305031127.979371 0.190899506 0.093079239 0.050375089 0.006796840 0.029236346 0.068984576 0.997166038
1305031128.011427 0.191715986 0.093658082 0.051717840 0.006281835 0.028841734 0.068794504 0.997194052
1305031128.047369 0.193131134 0.090664335 0.053898297 0.002869292 0.029088633 0.070142999 0.997108579
1305031128.079334 0.193993837 0.087806411 0.054710623 0.002195261 0.029053126 0.071100235 0.997043550
1305031128.111391 0.195406437 0.086519331 0.054825015 0.002316677 0.028108867 0.072276473 0.996985793
1305031128.147418 0.196098968 0.085816324 0.055815250 0.001591712 0.027559878 0.073914006 0.996882439
1305031128.179350 0.198176339 0.082934476 0.057280332 0.001622474 0.026760604 0.075010084 0.996822298
1305031128.211447 0.196710303 0.083910383 0.056645241 0.004250790 0.027689928 0.075189359 0.996775687
1305031128.247480 0.196940690 0.084866904 0.056249134 0.004333445 0.026851684 0.075638615 0.996764302
1305031128.279336 0.197831944 0.082348712 0.057560354 0.003460351 0.026273057 0.075661972 0.996781349
1305031128.311483 0.196516320 0.083502121 0.057237566 0.005434334 0.027152784 0.074622311 0.996827364
1305031128.347423 0.196594328 0.082676463 0.057216499 0.004906486 0.026938686 0.073806882 0.996896565
1305031128.379404 0.196143880 0.081236176 0.056992739 0.004092114 0.027019661 0.072245851 0.997012377
1305031128.411337 0.196446925 0.080608942 0.056797933 0.004519358 0.026905695 0.070936121 0.997107685
1305031128.447296 0.195391059 0.080691107 0.056366883 0.004948426 0.027450813 0.069753446 0.997174203
1305031128.479296 0.195443735 0.080084302 0.056548305 0.004551265 0.027198879 0.068940066 0.997239590
1305031128.511433 0.195629403 0.078700267 0.056318194 0.004393494 0.027377762 0.068052247 0.997296393
1305031128.547399 0.195329756 0.078718796 0.056096952 0.004478814 0.028135510 0.067490667 0.997313082
1305031128.579455 0.195930347 0.076623484 0.056118846 0.004168062 0.028499233 0.067423567 0.997308612
1305031128.611395 0.194811925 0.076265007 0.055777043 0.005514016 0.028903984 0.067434646 0.997289658
1305031128.647352 0.193575308 0.076341011 0.055279594 0.006120501 0.028248582 0.067544699 0.997297466
1305031128.679282 0.194595769 0.075977534 0.056111835 0.006733274 0.026416915 0.066902682 0.997386992
1305031128.711457 0.195110455 0.076200195 0.056121573 0.008019485 0.026373088 0.065952621 0.997441888
1305031128.747363 0.195159093 0.076366805 0.055011146 0.008576098 0.027462833 0.065151609 0.997460544
