1551789500.000000
1551789500.080000
1551789500.140000
1551789500.220000
1551789500.300000
1551789500.380000
1551789500.440000
1551789500.520000
1551789500.600000
1551789500.680000
1551789500.740000
1551789500.820000
1551789500.900000
1551789500.980000
1551789501.040000
1551789501.120000
1551789501.200000
1551789501.280000
1551789501.340000
1551789501.420000
1551789501.500000
1551789501.580000
1551789501.640000
1551789501.720000
1551789501.800000
1551789501.860000
1551789501.940000
1551789502.020000
1551789502.100000
1551789502.160000
1551789502.240000
1551789502.320000
1551789502.400000
1551789502.460000
1551789502.540000
1551789502.620000
1551789502.700000
1551789502.760000
1551789502.840000
1551789502.920000
1551789503.000000
1551789503.060000
1551789503.140000
1551789503.220000
1551789503.280000
1551789503.360000
1551789503.440000
1551789503.520000
1551789503.580000
1551789503.660000
1551789503.740000
1551789503.820000
1551789503.880000
1551789503.960000
1551789504.040000
1551789504.120000
1551789504.180000
1551789504.260000
1551789504.340000
1551789504.420000
1551789504.480000
1551789504.560000
1551789504.640000
1551789504.720000
1551789504.780000
1551789504.860000
1551789504.940000
1551789505.000000
1551789505.080000
1551789505.160000
1551789505.240000
1551789505.300000
1551789505.380000
1551789505.460000
1551789505.540000
1551789505.600000
1551789505.680000
1551789505.760000
1551789505.840000
1551789505.900000
1551789505.980000
1551789506.060000
1551789506.140000
1551789506.200000
1551789506.280000
1551789506.360000
1551789506.440000
1551789506.500000
1551789506.580000
1551789506.660000
1551789506.720000
1551789506.800000
1551789506.880000
1551789506.960000
1551789507.020000
1551789507.100000
1551789507.180000
1551789507.260000
1551789507.320000
1551789507.400000
1551789507.480000
1551789507.560000
1551789507.620000
1551789507.700000
1551789507.780000
1551789507.860000
1551789507.920000
1551789508.000000
1551789508.080000
1551789508.140000
1551789508.220000
1551789508.300000
1551789508.380000
1551789508.440000
1551789508.520000
1551789508.600000
1551789508.680000
1551789508.740000
1551789508.820000
1551789508.900000
1551789508.980000
1551789509.040000
1551789509.120000
1551789509.200000
1551789509.280000
1551789509.340000
1551789509.420000
1551789509.500000
1551789509.580000
1551789509.640000
1551789509.720000
1551789509.800000
1551789509.860000
1551789509.940000
1551789510.020000
1551789510.100000
1551789510.160000
1551789510.240000
1551789510.320000
1551789510.400000
1551789510.460000
1551789510.540000
1551789510.620000
1551789510.700000
1551789510.760000
1551789510.840000
1551789510.920000
1551789511.000000
1551789511.060000
1551789511.140000
1551789511.220000
1551789511.300000
1551789511.360000
1551789511.440000
1551789511.520000
1551789511.580000
1551789511.660000
1551789511.740000
1551789511.820000
1551789511.880000
1551789511.960000
1551789512.040000
1551789512.120000
1551789512.180000
1551789512.260000
1551789512.340000
1551789512.420000
1551789512.480000
1551789512.560000
1551789512.640000
1551789512.720000
1551789512.780000
1551789512.860000
1551789512.940000
1551789513.020000
1551789513.080000
1551789513.160000
1551789513.240000
1551789513.300000
1551789513.380000
1551789513.460000
1551789513.540000
1551789513.600000
1551789513.680000
1551789513.760000
1551789513.840000
1551789513.900000
1551789513.980000
1551789514.060000
1551789514.140000
1551789514.200000
1551789514.280000
1551789514.360000
1551789514.440000
1551789514.500000
1551789514.580000
1551789514.660000
1551789514.720000
1551789514.800000
1551789514.880000
1551789514.960000
1551789515.020000
1551789515.100000
1551789515.180000
1551789515.260000
1551789515.320000
1551789515.400000
1551789515.480000
1551789515.560000
1551789515.620000
1551789515.700000
1551789515.780000
1551789515.860000
1551789515.920000
1551789516.000000
1551789516.080000
1551789516.160000
1551789516.220000
1551789516.300000
1551789516.380000
1551789516.440000
1551789516.520000
1551789516.600000
1551789516.680000
1551789516.740000
1551789516.820000
1551789516.900000
1551789516.980000
1551789517.040000
1551789517.120000
1551789517.200000
1551789517.280000
1551789517.340000
1551789517.420000
1551789517.500000
1551789517.580000
1551789517.640000
1551789517.720000
1551789517.800000
1551789517.880000
1551789517.940000
1551789518.020000
1551789518.100000
1551789518.160000
1551789518.240000
1551789518.320000
1551789518.400000
1551789518.460000
1551789518.540000
1551789518.620000
1551789518.700000
1551789518.760000
1551789518.840000
1551789518.920000
1551789519.000000
1551789519.060000
1551789519.140000
1551789519.220000
1551789519.300000
1551789519.360000
1551789519.440000
1551789519.520000
1551789519.580000
1551789519.660000
1551789519.740000
1551789519.820000
1551789519.880000
1551789519.960000
1551789520.040000
1551789520.120000
1551789520.180000
1551789520.260000
1551789520.340000
1551789520.420000
1551789520.480000
1551789520.560000
1551789520.640000
1551789520.720000
1551789520.780000
1551789520.860000
1551789520.940000
1551789521.020000
1551789521.080000
1551789521.160000
1551789521.240000
1551789521.300000
1551789521.380000
1551789521.460000
1551789521.540000
1551789521.600000
1551789521.680000
1551789521.760000
1551789521.840000
1551789521.900000
1551789521.980000
1551789522.060000
1551789522.140000
1551789522.200000
1551789522.280000
1551789522.360000
1551789522.440000
1551789522.500000
1551789522.580000
1551789522.660000
1551789522.740000
1551789522.800000
1551789522.880000
1551789522.960000
1551789523.020000
1551789523.100000
1551789523.180000
1551789523.260000
1551789523.320000
1551789523.400000
1551789523.480000
1551789523.560000
1551789523.620000
1551789523.700000
1551789523.780000
1551789523.860000
1551789523.920000
1551789524.000000
1551789524.080000
1551789524.160000
1551789524.220000
1551789524.300000
1551789524.380000
1551789524.440000
1551789524.520000
1551789524.600000
1551789524.680000
1551789524.740000
1551789524.820000
1551789524.900000
1551789524.980000
1551789525.040000
1551789525.120000
1551789525.200000
1551789525.280000
1551789525.340000
1551789525.420000
1551789525.500000
1551789525.580000
1551789525.640000
1551789525.720000
1551789525.800000
1551789525.880000
1551789525.940000
1551789526.020000
1551789526.100000
1551789526.160000
1551789526.240000
1551789526.320000
1551789526.400000
1551789526.460000
1551789526.540000
1551789526.620000
1551789526.700000
1551789526.760000
1551789526.840000
1551789526.920000
1551789527.000000
1551789527.060000
1551789527.140000
1551789527.220000
1551789527.300000
1551789527.360000
1551789527.440000
1551789527.520000
1551789527.600000
1551789527.660000
1551789527.740000
1551789527.820000
1551789527.880000
1551789527.960000
1551789528.040000
1551789528.120000
1551789528.180000
1551789528.260000
1551789528.340000
1551789528.420000
1551789528.480000
1551789528.560000
1551789528.640000
1551789528.720000
1551789528.780000
1551789528.860000
1551789528.940000
1551789529.020000
1551789529.080000
1551789529.160000
1551789529.240000
1551789529.320000
1551789529.380000
1551789529.460000
1551789529.540000
1551789529.600000
1551789529.680000
1551789529.760000
1551789529.840000
1551789529.900000
1551789529.980000
1551789530.060000
1551789530.140000
1551789530.200000
1551789530.280000
1551789530.360000
1551789530.440000
1551789530.500000
1551789530.580000
1551789530.660000
1551789530.740000
1551789530.800000
1551789530.880000
1551789530.960000
1551789531.020000
1551789531.100000
1551789531.180000
1551789531.260000
1551789531.320000
1551789531.400000
1551789531.480000
1551789531.560000
1551789531.620000
1551789531.700000
1551789531.780000
1551789531.860000
1551789531.920000
1551789532.000000
1551789532.080000
1551789532.160000
1551789532.220000
1551789532.300000
1551789532.380000
1551789532.460000
1551789532.520000
1551789532.600000
1551789532.680000
1551789532.740000
1551789532.820000
1551789532.900000
1551789532.980000
1551789533.040000
1551789533.120000
1551789533.200000
1551789533.280000
1551789533.340000
1551789533.420000
1551789533.500000
1551789533.580000
1551789533.640000
1551789533.720000
1551789533.800000
1551789533.880000
1551789533.940000
1551789534.020000
1551789534.100000
1551789534.180000
1551789534.240000
1551789534.320000
1551789534.400000
1551789534.460000
1551789534.540000
1551789534.620000
1551789534.700000
1551789534.760000
1551789534.840000
1551789534.920000
1551789535.000000
1551789535.060000
1551789535.140000
1551789535.220000
1551789535.300000
1551789535.360000
1551789535.440000
1551789535.520000
1551789535.600000
1551789535.660000
1551789535.740000
1551789535.820000
1551789535.880000
1551789535.960000
1551789536.040000
1551789536.120000
1551789536.180000
1551789536.260000
1551789536.340000
1551789536.420000
1551789536.480000
1551789536.560000
1551789536.640000
1551789536.720000
1551789536.780000
1551789536.860000
1551789536.940000
1551789537.020000
1551789537.080000
1551789537.160000
1551789537.240000
1551789537.320000
1551789537.380000
1551789537.460000
1551789537.540000
1551789537.600000
1551789537.680000
1551789537.760000
1551789537.840000
1551789537.900000
1551789537.980000
1551789538.060000
1551789538.140000
1551789538.200000
1551789538.280000
1551789538.360000
1551789538.440000
1551789538.500000
1551789538.580000
1551789538.660000
1551789538.740000
1551789538.800000
1551789538.880000
1551789538.960000
1551789539.040000
1551789539.100000
1551789539.180000
1551789539.260000
1551789539.320000
1551789539.400000
1551789539.480000
1551789539.560000
1551789539.620000
1551789539.700000
1551789539.780000
1551789539.860000
1551789539.920000
1551789540.000000
1551789540.080000
1551789540.160000
1551789540.220000
1551789540.300000
1551789540.380000
1551789540.460000
1551789540.520000
1551789540.600000
1551789540.680000
1551789540.740000
1551789540.820000
1551789540.900000
1551789540.980000
1551789541.040000
1551789541.120000
1551789541.200000
1551789541.280000
1551789541.340000
1551789541.420000
1551789541.500000
1551789541.580000
1551789541.640000
1551789541.720000
1551789541.800000
1551789541.880000
1551789541.940000
1551789542.020000
1551789542.100000
1551789542.180000
1551789542.240000
1551789542.320000
1551789542.400000
1551789542.460000
1551789542.540000
1551789542.620000
1551789542.700000
1551789542.760000
1551789542.840000
1551789542.920000
1551789543.000000
1551789543.060000
1551789543.140000
1551789543.220000
1551789543.300000
1551789543.360000
1551789543.440000
1551789543.520000
1551789543.600000
1551789543.660000
1551789543.740000
1551789543.820000
1551789543.900000
1551789543.960000
1551789544.040000
1551789544.120000
1551789544.180000
1551789544.260000
1551789544.340000
1551789544.420000
1551789544.480000
1551789544.560000
1551789544.640000
1551789544.720000
1551789544.780000
1551789544.860000
1551789544.940000
1551789545.020000
1551789545.080000
1551789545.160000
1551789545.240000
1551789545.320000
1551789545.380000
1551789545.460000
1551789545.540000
1551789545.600000
1551789545.680000
1551789545.760000
1551789545.840000
1551789545.900000
1551789545.980000
1551789546.060000
1551789546.140000
1551789546.200000
1551789546.280000
1551789546.360000
1551789546.440000
1551789546.500000
1551789546.580000
1551789546.660000
1551789546.740000
1551789546.800000
1551789546.880000
1551789546.960000
1551789547.040000
1551789547.100000
1551789547.180000
1551789547.260000
1551789547.320000
1551789547.400000
1551789547.480000
1551789547.560000
1551789547.620000
1551789547.700000
1551789547.780000
1551789547.860000
1551789547.920000
1551789548.000000
1551789548.080000
1551789548.160000
1551789548.220000
1551789548.300000
1551789548.380000
1551789548.460000
1551789548.520000
1551789548.600000
1551789548.680000
1551789548.760000
1551789548.820000
1551789548.900000
1551789548.980000
1551789549.040000
1551789549.120000
1551789549.200000
1551789549.280000
1551789549.340000
1551789549.420000
1551789549.500000
1551789549.580000
1551789549.640000
1551789549.720000
1551789549.800000
1551789549.880000
1551789549.940000
1551789550.020000
1551789550.100000
1551789550.180000
1551789550.240000
1551789550.320000
1551789550.400000
1551789550.480000
1551789550.540000
1551789550.620000
1551789550.700000
1551789550.760000
1551789550.840000
1551789550.920000
1551789551.000000
1551789551.060000
1551789551.140000
1551789551.220000
1551789551.300000
1551789551.360000
1551789551.440000
1551789551.520000
1551789551.600000
1551789551.660000
1551789551.740000
1551789551.820000
1551789551.900000
1551789551.960000
1551789552.040000
1551789552.120000
1551789552.180000
1551789552.260000
1551789552.340000
1551789552.420000
1551789552.480000
1551789552.560000
1551789552.640000
1551789552.720000
1551789552.780000
1551789552.860000
1551789552.940000
1551789553.020000
1551789553.080000
1551789553.160000
1551789553.240000
1551789553.320000
1551789553.380000
1551789553.460000
1551789553.540000
1551789553.620000
1551789553.680000
1551789553.760000
1551789553.840000
1551789553.900000
1551789553.980000
1551789554.060000
1551789554.140000
1551789554.200000
1551789554.280000
1551789554.360000
1551789554.440000
1551789554.500000
1551789554.580000
1551789554.660000
1551789554.740000
1551789554.800000
1551789554.880000
1551789554.960000
1551789555.040000
1551789555.100000
1551789555.180000
1551789555.260000
1551789555.340000
1551789555.400000
1551789555.480000
1551789555.560000
1551789555.620000
1551789555.700000
1551789555.780000
1551789555.860000
1551789555.920000
1551789556.000000
1551789556.080000
1551789556.160000
1551789556.220000
1551789556.300000
1551789556.380000
1551789556.460000
1551789556.520000
1551789556.600000
1551789556.680000
1551789556.760000
1551789556.820000
1551789556.900000
1551789556.980000
1551789557.040000
1551789557.120000
1551789557.200000
1551789557.280000
1551789557.340000
1551789557.420000
1551789557.500000
1551789557.580000
1551789557.640000
1551789557.720000
1551789557.800000
1551789557.880000
1551789557.940000
1551789558.020000
1551789558.100000
1551789558.180000
1551789558.240000
1551789558.320000
1551789558.400000
1551789558.480000
1551789558.540000
1551789558.620000
1551789558.700000
1551789558.760000
1551789558.840000
1551789558.920000
1551789559.000000
1551789559.060000
1551789559.140000
1551789559.220000
1551789559.300000
1551789559.360000
1551789559.440000
1551789559.520000
1551789559.600000
1551789559.660000
1551789559.740000
1551789559.820000
1551789559.900000
1551789559.960000
1551789560.040000
1551789560.120000
1551789560.200000
1551789560.260000
1551789560.340000
1551789560.420000
1551789560.480000
1551789560.560000
1551789560.640000
1551789560.720000
1551789560.780000
1551789560.860000
1551789560.940000
1551789561.020000
1551789561.080000
1551789561.160000
1551789561.240000
1551789561.320000
1551789561.380000
1551789561.460000
1551789561.540000
1551789561.620000
1551789561.680000
1551789561.760000
1551789561.840000
1551789561.900000
1551789561.980000
1551789562.060000
1551789562.140000
1551789562.200000
1551789562.280000
1551789562.360000
1551789562.440000
1551789562.500000
1551789562.580000
1551789562.660000
1551789562.740000
1551789562.800000
1551789562.880000
1551789562.960000
1551789563.040000
1551789563.100000
1551789563.180000
1551789563.260000
1551789563.340000
1551789563.400000
1551789563.480000
1551789563.560000
1551789563.620000
1551789563.700000
1551789563.780000
1551789563.860000
1551789563.920000
1551789564.000000
1551789564.080000
1551789564.160000
1551789564.220000
1551789564.300000
1551789564.380000
1551789564.460000
1551789564.520000
1551789564.600000
1551789564.680000
1551789564.760000
1551789564.820000
1551789564.900000
1551789564.980000
1551789565.060000
1551789565.120000
1551789565.200000
1551789565.280000
1551789565.340000
1551789565.420000
1551789565.500000
1551789565.580000
1551789565.640000
1551789565.720000
1551789565.800000
1551789565.880000
1551789565.940000
1551789566.020000
1551789566.100000
1551789566.180000
1551789566.240000
1551789566.320000
1551789566.400000
1551789566.480000
1551789566.540000
1551789566.620000
1551789566.700000
1551789566.780000
1551789566.840000
1551789566.920000
1551789567.000000
1551789567.060000
1551789567.140000
1551789567.220000
1551789567.300000
1551789567.360000
1551789567.440000
1551789567.520000
1551789567.600000
1551789567.660000
1551789567.740000
1551789567.820000
1551789567.900000
1551789567.960000
1551789568.040000
1551789568.120000
1551789568.200000
1551789568.260000
1551789568.340000
1551789568.420000
1551789568.480000
1551789568.560000
1551789568.640000
1551789568.720000
1551789568.780000
1551789568.860000
1551789568.940000
1551789569.020000
1551789569.080000
1551789569.160000
1551789569.240000
1551789569.320000
1551789569.380000
1551789569.460000
1551789569.540000
1551789569.620000
1551789569.680000
1551789569.760000
1551789569.840000
1551789569.920000
1551789569.980000
1551789570.060000
1551789570.140000
1551789570.200000
1551789570.280000
1551789570.360000
1551789570.440000
1551789570.500000
1551789570.580000
1551789570.660000
1551789570.740000
1551789570.800000
1551789570.880000
1551789570.960000
1551789571.040000
1551789571.100000
1551789571.180000
1551789571.260000
1551789571.340000
1551789571.400000
1551789571.480000
1551789571.560000
1551789571.640000
1551789571.700000
1551789571.780000
1551789571.860000
1551789571.920000
1551789572.000000
1551789572.080000
1551789572.160000
1551789572.220000
1551789572.300000
1551789572.380000
1551789572.460000
1551789572.520000
1551789572.600000
1551789572.680000
1551789572.760000
1551789572.820000
1551789572.900000
1551789572.980000
1551789573.060000
1551789573.120000
1551789573.200000
1551789573.280000
1551789573.340000
1551789573.420000
1551789573.500000
1551789573.580000
1551789573.640000
1551789573.720000
1551789573.800000
1551789573.880000
1551789573.940000
1551789574.020000
1551789574.100000
1551789574.180000
1551789574.240000
1551789574.320000
1551789574.400000
1551789574.480000
1551789574.540000
1551789574.620000
1551789574.700000
1551789574.780000
1551789574.840000
1551789574.920000
1551789575.000000
1551789575.060000
1551789575.140000
1551789575.220000
1551789575.300000
1551789575.360000
1551789575.440000
1551789575.520000
1551789575.600000
1551789575.660000
1551789575.740000
1551789575.820000
1551789575.900000
1551789575.960000
1551789576.040000
1551789576.120000
1551789576.200000
1551789576.260000
1551789576.340000
1551789576.420000
1551789576.500000
1551789576.560000
1551789576.640000
1551789576.720000
1551789576.780000
1551789576.860000
1551789576.940000
1551789577.020000
1551789577.080000
1551789577.160000
1551789577.240000
1551789577.320000
1551789577.380000
1551789577.460000
1551789577.540000
1551789577.620000
1551789577.680000
1551789577.760000
1551789577.840000
1551789577.920000
1551789577.980000
1551789578.060000
1551789578.140000
1551789578.200000
1551789578.280000
1551789578.360000
1551789578.440000
1551789578.500000
1551789578.580000
1551789578.660000
1551789578.740000
1551789578.800000
1551789578.880000
1551789578.960000
1551789579.040000
1551789579.100000
1551789579.180000
1551789579.260000
1551789579.340000
1551789579.400000
1551789579.480000
1551789579.560000
1551789579.640000
1551789579.700000
1551789579.780000
1551789579.860000
1551789579.920000
1551789580.000000
1551789580.080000
1551789580.160000
1551789580.220000
1551789580.300000
1551789580.380000
1551789580.460000
1551789580.520000
1551789580.600000
1551789580.680000
1551789580.760000
1551789580.820000
1551789580.900000
1551789580.980000
1551789581.060000
1551789581.120000
1551789581.200000
1551789581.280000
1551789581.360000
1551789581.420000
1551789581.500000
1551789581.580000
1551789581.640000
1551789581.720000
1551789581.800000
1551789581.880000
1551789581.940000
1551789582.020000
1551789582.100000
1551789582.180000
1551789582.240000
1551789582.320000
1551789582.400000
1551789582.480000
1551789582.540000
1551789582.620000
1551789582.700000
1551789582.780000
1551789582.840000
1551789582.920000
1551789583.000000
1551789583.080000
1551789583.140000
1551789583.220000
1551789583.300000
1551789583.360000
1551789583.440000
1551789583.520000
1551789583.600000
1551789583.660000
1551789583.740000
1551789583.820000
1551789583.900000
1551789583.960000
1551789584.040000
1551789584.120000
1551789584.200000
1551789584.260000
1551789584.340000
1551789584.420000
1551789584.500000
1551789584.560000
1551789584.640000
1551789584.720000
1551789584.780000
1551789584.860000
1551789584.940000
1551789585.020000
1551789585.080000
1551789585.160000
1551789585.240000
1551789585.320000
1551789585.380000
1551789585.460000
1551789585.540000
1551789585.620000
1551789585.680000
1551789585.760000
1551789585.840000
1551789585.920000
1551789585.980000
1551789586.060000
1551789586.140000
1551789586.220000
1551789586.280000
1551789586.360000
1551789586.440000
1551789586.500000
1551789586.580000
1551789586.660000
1551789586.740000
1551789586.800000
1551789586.880000
1551789586.960000
1551789587.040000
1551789587.100000
1551789587.180000
1551789587.260000
1551789587.340000
1551789587.400000
1551789587.480000
1551789587.560000
1551789587.640000
1551789587.700000
1551789587.780000
1551789587.860000
1551789587.940000
1551789588.000000
1551789588.080000
1551789588.160000
1551789588.220000
1551789588.300000
1551789588.380000
1551789588.460000
1551789588.520000
1551789588.600000
1551789588.680000
1551789588.760000
1551789588.820000
1551789588.900000
1551789588.980000
1551789589.060000
1551789589.120000
1551789589.200000
1551789589.280000
1551789589.360000
1551789589.420000
1551789589.500000
1551789589.580000
1551789589.640000
1551789589.720000
1551789589.800000
1551789589.880000
1551789589.940000
1551789590.020000
1551789590.100000
1551789590.180000
1551789590.240000
1551789590.320000
1551789590.400000
1551789590.480000
1551789590.540000
1551789590.620000
1551789590.700000
1551789590.780000
1551789590.840000
1551789590.920000
1551789591.000000
1551789591.080000
1551789591.140000
1551789591.220000
1551789591.300000
1551789591.360000
1551789591.440000
1551789591.520000
1551789591.600000
1551789591.660000
1551789591.740000
1551789591.820000
1551789591.900000
1551789591.960000
1551789592.040000
1551789592.120000
1551789592.200000
1551789592.260000
1551789592.340000
1551789592.420000
1551789592.500000
1551789592.560000
1551789592.640000
1551789592.720000
1551789592.800000
1551789592.860000
1551789592.940000
1551789593.020000
1551789593.080000
1551789593.160000
1551789593.240000
1551789593.320000
1551789593.380000
1551789593.460000
1551789593.540000
1551789593.620000
1551789593.680000
1551789593.760000
1551789593.840000
1551789593.920000
1551789593.980000
1551789594.060000
1551789594.140000
1551789594.220000
1551789594.280000
1551789594.360000
1551789594.440000
1551789594.500000
1551789594.580000
1551789594.660000
1551789594.740000
1551789594.800000
1551789594.880000
1551789594.960000
1551789595.040000
1551789595.100000
1551789595.180000
1551789595.260000
1551789595.340000
1551789595.400000
1551789595.480000
1551789595.560000
1551789595.640000
1551789595.700000
1551789595.780000
1551789595.860000
1551789595.940000
1551789596.000000
1551789596.080000
1551789596.160000
1551789596.220000
1551789596.300000
1551789596.380000
1551789596.460000
1551789596.520000
1551789596.600000
1551789596.680000
1551789596.760000
1551789596.820000
1551789596.900000
1551789596.980000
1551789597.060000
1551789597.120000
1551789597.200000
1551789597.280000
1551789597.360000
1551789597.420000
1551789597.500000
1551789597.580000
1551789597.660000
1551789597.720000
1551789597.800000
1551789597.880000
1551789597.940000
1551789598.020000
1551789598.100000
1551789598.180000
1551789598.240000
1551789598.320000
1551789598.400000
1551789598.480000
1551789598.540000
1551789598.620000
1551789598.700000
1551789598.780000
1551789598.840000
1551789598.920000
1551789599.000000
1551789599.080000
1551789599.140000
1551789599.220000
1551789599.300000
1551789599.360000
1551789599.440000
1551789599.520000
1551789599.600000
1551789599.660000
1551789599.740000
1551789599.820000
1551789599.900000
1551789599.960000
1551789600.040000
1551789600.120000
1551789600.200000
1551789600.260000
1551789600.340000
1551789600.420000
1551789600.500000
1551789600.560000
1551789600.640000
1551789600.720000
1551789600.800000
1551789600.860000
1551789600.940000
1551789601.020000
1551789601.080000
1551789601.160000
1551789601.240000
1551789601.320000
1551789601.380000
1551789601.460000
1551789601.540000
1551789601.620000
1551789601.680000
1551789601.760000
1551789601.840000
1551789601.920000
1551789601.980000
1551789602.060000
1551789602.140000
1551789602.220000
1551789602.280000
1551789602.360000
1551789602.440000
1551789602.520000
1551789602.580000
1551789602.660000
1551789602.740000
1551789602.800000
1551789602.880000
1551789602.960000
1551789603.040000
1551789603.100000
1551789603.180000
1551789603.260000
1551789603.340000
1551789603.400000
1551789603.480000
1551789603.560000
1551789603.640000
1551789603.700000
1551789603.780000
1551789603.860000
1551789603.940000
1551789604.000000
1551789604.080000
1551789604.160000
1551789604.240000
1551789604.300000
1551789604.380000
1551789604.460000
1551789604.520000
1551789604.600000
1551789604.680000
1551789604.760000
1551789604.820000
1551789604.900000
1551789604.980000
1551789605.060000
1551789605.120000
1551789605.200000
1551789605.280000
1551789605.360000
1551789605.420000
1551789605.500000
1551789605.580000
1551789605.660000
1551789605.720000
1551789605.800000
1551789605.880000
1551789605.940000
1551789606.020000
1551789606.100000
1551789606.180000
1551789606.240000
1551789606.320000
1551789606.400000
1551789606.480000
1551789606.540000
1551789606.620000
1551789606.700000
1551789606.780000
1551789606.840000
1551789606.920000
1551789607.000000
1551789607.080000
1551789607.140000
1551789607.220000
1551789607.300000
1551789607.380000
1551789607.440000
1551789607.520000
1551789607.600000
1551789607.660000
1551789607.740000
1551789607.820000
1551789607.900000
1551789607.960000
1551789608.040000
1551789608.120000
1551789608.200000
1551789608.260000
1551789608.340000
1551789608.420000
1551789608.500000
1551789608.560000
1551789608.640000
1551789608.720000
1551789608.800000
1551789608.860000
1551789608.940000
1551789609.020000
1551789609.100000
1551789609.160000
1551789609.240000
1551789609.320000
1551789609.380000
1551789609.460000
1551789609.540000
1551789609.620000
1551789609.680000
1551789609.760000
1551789609.840000
1551789609.920000
1551789609.980000
1551789610.060000
1551789610.140000
1551789610.220000
1551789610.280000
1551789610.360000
1551789610.440000
1551789610.520000
1551789610.580000
1551789610.660000
1551789610.740000
1551789610.800000
1551789610.880000
1551789610.960000
1551789611.040000
1551789611.100000
1551789611.180000
1551789611.260000
1551789611.340000
1551789611.400000
1551789611.480000
1551789611.560000
1551789611.640000
1551789611.700000
1551789611.780000
1551789611.860000
1551789611.940000
1551789612.000000
1551789612.080000
1551789612.160000
1551789612.240000
1551789612.300000
1551789612.380000
1551789612.460000
1551789612.520000
1551789612.600000
1551789612.680000
1551789612.760000
1551789612.820000
1551789612.900000
1551789612.980000
1551789613.060000
1551789613.120000
1551789613.200000
1551789613.280000
1551789613.360000
1551789613.420000
1551789613.500000
1551789613.580000
1551789613.660000
1551789613.720000
1551789613.800000
1551789613.880000
1551789613.960000
1551789614.020000
1551789614.100000
1551789614.180000
1551789614.240000
1551789614.320000
1551789614.400000
1551789614.480000
1551789614.540000
1551789614.620000
1551789614.700000
1551789614.780000
1551789614.840000
1551789614.920000
1551789615.000000
1551789615.080000
1551789615.140000
1551789615.220000
1551789615.300000
1551789615.380000
1551789615.440000
1551789615.520000
1551789615.600000
1551789615.660000
1551789615.740000
1551789615.820000
1551789615.900000
1551789615.960000
1551789616.040000
1551789616.120000
1551789616.200000
1551789616.260000
1551789616.340000
1551789616.420000
1551789616.500000
1551789616.560000
1551789616.640000
1551789616.720000
1551789616.800000
1551789616.860000
1551789616.940000
1551789617.020000
1551789617.100000
1551789617.160000
1551789617.240000
1551789617.320000
1551789617.380000
1551789617.460000
1551789617.540000
1551789617.620000
1551789617.680000
1551789617.760000
1551789617.840000
1551789617.920000
1551789617.980000
1551789618.060000
1551789618.140000
1551789618.220000
1551789618.280000
1551789618.360000
1551789618.440000
1551789618.520000
1551789618.580000
1551789618.660000
1551789618.740000
1551789618.820000
1551789618.880000
1551789618.960000
1551789619.040000
1551789619.100000
1551789619.180000
1551789619.260000
1551789619.340000
1551789619.400000
1551789619.480000
1551789619.560000
1551789619.640000
1551789619.700000
1551789619.780000
1551789619.860000
1551789619.940000
1551789620.000000
1551789620.080000
1551789620.160000
1551789620.240000
1551789620.300000
1551789620.380000
1551789620.460000
1551789620.540000
1551789620.600000
1551789620.680000
1551789620.760000
1551789620.820000
1551789620.900000
1551789620.980000
1551789621.060000
1551789621.120000
1551789621.200000
1551789621.280000
1551789621.360000
1551789621.420000
1551789621.500000
1551789621.580000
1551789621.660000
1551789621.720000
1551789621.800000
1551789621.880000
1551789621.960000
1551789622.020000
1551789622.100000
1551789622.180000
1551789622.240000
1551789622.320000
1551789622.400000
1551789622.480000
1551789622.540000
1551789622.620000
1551789622.700000
1551789622.780000
1551789622.840000
1551789622.920000
1551789623.000000
1551789623.080000
1551789623.140000
1551789623.220000
1551789623.300000
1551789623.380000
1551789623.440000
1551789623.520000
1551789623.600000
1551789623.680000
1551789623.740000
1551789623.820000
1551789623.900000
1551789623.960000
1551789624.040000
1551789624.120000
1551789624.200000
1551789624.260000
1551789624.340000
1551789624.420000
1551789624.500000
1551789624.560000
1551789624.640000
1551789624.720000
1551789624.800000
1551789624.860000
1551789624.940000
1551789625.020000
1551789625.100000
1551789625.160000
1551789625.240000
1551789625.320000
1551789625.400000
1551789625.460000
1551789625.540000
1551789625.620000
1551789625.680000
1551789625.760000
1551789625.840000
1551789625.920000
1551789625.980000
1551789626.060000
1551789626.140000
1551789626.220000
1551789626.280000
1551789626.360000
1551789626.440000
1551789626.520000
1551789626.580000
1551789626.660000
1551789626.740000
1551789626.820000
1551789626.880000
1551789626.960000
1551789627.040000
1551789627.100000
1551789627.180000
1551789627.260000
1551789627.340000
1551789627.400000
1551789627.480000
1551789627.560000
1551789627.640000
1551789627.700000
1551789627.780000
1551789627.860000
1551789627.940000
1551789628.000000
1551789628.080000
1551789628.160000
1551789628.240000
1551789628.300000
1551789628.380000
1551789628.460000
1551789628.540000
1551789628.600000
1551789628.680000
1551789628.760000
1551789628.820000
1551789628.900000
1551789628.980000
1551789629.060000
1551789629.120000
1551789629.200000
1551789629.280000
1551789629.360000
1551789629.420000
1551789629.500000
1551789629.580000
1551789629.660000
1551789629.720000
1551789629.800000
1551789629.880000
1551789629.960000
1551789630.020000
1551789630.100000
1551789630.180000
1551789630.260000
1551789630.320000
1551789630.400000
1551789630.480000
1551789630.540000
1551789630.620000
1551789630.700000
1551789630.780000
1551789630.840000
1551789630.920000
1551789631.000000
1551789631.080000
1551789631.140000
1551789631.220000
1551789631.300000
1551789631.380000
1551789631.440000
1551789631.520000
1551789631.600000
1551789631.680000
1551789631.740000
1551789631.820000
1551789631.900000
1551789631.960000
1551789632.040000
1551789632.120000
1551789632.200000
1551789632.260000
1551789632.340000
1551789632.420000
1551789632.500000
1551789632.560000
1551789632.640000
1551789632.720000
1551789632.800000
1551789632.860000
1551789632.940000
1551789633.020000
1551789633.100000
1551789633.160000
1551789633.240000
1551789633.320000
1551789633.400000
1551789633.460000
1551789633.540000
1551789633.620000
1551789633.680000
1551789633.760000
1551789633.840000
1551789633.920000
1551789633.980000
1551789634.060000
1551789634.140000
1551789634.220000
1551789634.280000
1551789634.360000
1551789634.440000
1551789634.520000
1551789634.580000
1551789634.660000
1551789634.740000
1551789634.820000
1551789634.880000
1551789634.960000
1551789635.040000
1551789635.120000
1551789635.180000
1551789635.260000
1551789635.340000
1551789635.400000
1551789635.480000
1551789635.560000
1551789635.640000
1551789635.700000
1551789635.780000
1551789635.860000
1551789635.940000
1551789636.000000
1551789636.080000
1551789636.160000
1551789636.240000
1551789636.300000
1551789636.380000
1551789636.460000
1551789636.540000
1551789636.600000
1551789636.680000
1551789636.760000
1551789636.820000
1551789636.900000
1551789636.980000
1551789637.060000
1551789637.120000
1551789637.200000
1551789637.280000
1551789637.360000
1551789637.420000
1551789637.500000
1551789637.580000
1551789637.660000
1551789637.720000
1551789637.800000
1551789637.880000
1551789637.960000
1551789638.020000
1551789638.100000
1551789638.180000
1551789638.260000
1551789638.320000
1551789638.400000
1551789638.480000
1551789638.540000
1551789638.620000
1551789638.700000
1551789638.780000
1551789638.840000
1551789638.920000
1551789639.000000
1551789639.080000
1551789639.140000
1551789639.220000
1551789639.300000
1551789639.380000
1551789639.440000
1551789639.520000
1551789639.600000
1551789639.680000
1551789639.740000
1551789639.820000
1551789639.900000
1551789639.980000
1551789640.040000
1551789640.120000
1551789640.200000
1551789640.260000
1551789640.340000
1551789640.420000
1551789640.500000
1551789640.560000
1551789640.640000
1551789640.720000
1551789640.800000
1551789640.860000
1551789640.940000
1551789641.020000
1551789641.100000
1551789641.160000
1551789641.240000
1551789641.320000
1551789641.400000
1551789641.460000
1551789641.540000
1551789641.620000
1551789641.700000
1551789641.760000
1551789641.840000
1551789641.920000
1551789641.980000
1551789642.060000
1551789642.140000
1551789642.220000
1551789642.280000
1551789642.360000
1551789642.440000
1551789642.520000
1551789642.580000
1551789642.660000
1551789642.740000
1551789642.820000
1551789642.880000
1551789642.960000
1551789643.040000
1551789643.120000
1551789643.180000
1551789643.260000
1551789643.340000
1551789643.400000
1551789643.480000
1551789643.560000
1551789643.640000
1551789643.700000
1551789643.780000
1551789643.860000
1551789643.940000
1551789644.000000
1551789644.080000
1551789644.160000
1551789644.240000
1551789644.300000
1551789644.380000
1551789644.460000
1551789644.540000
1551789644.600000
1551789644.680000
1551789644.760000
1551789644.840000
1551789644.900000
1551789644.980000
1551789645.060000
1551789645.120000
1551789645.200000
1551789645.280000
1551789645.360000
1551789645.420000
1551789645.500000
1551789645.580000
1551789645.660000
1551789645.720000
1551789645.800000
1551789645.880000
1551789645.960000
1551789646.020000
1551789646.100000
1551789646.180000
1551789646.260000
1551789646.320000
1551789646.400000
1551789646.480000
1551789646.560000
1551789646.620000
1551789646.700000
1551789646.780000
1551789646.840000
1551789646.920000
1551789647.000000
1551789647.080000
1551789647.140000
1551789647.220000
1551789647.300000
1551789647.380000
1551789647.440000
1551789647.520000
1551789647.600000
1551789647.680000
1551789647.740000
1551789647.820000
1551789647.900000
1551789647.980000
1551789648.040000
1551789648.120000
1551789648.200000
1551789648.260000
1551789648.340000
1551789648.420000
1551789648.500000
1551789648.560000
1551789648.640000
1551789648.720000
1551789648.800000
1551789648.860000
1551789648.940000
1551789649.020000
1551789649.100000
1551789649.160000
1551789649.240000
1551789649.320000
1551789649.400000
1551789649.460000
1551789649.540000
1551789649.620000
1551789649.700000
1551789649.760000
1551789649.840000
1551789649.920000
1551789649.980000
1551789650.060000
1551789650.140000
1551789650.220000
1551789650.280000
1551789650.360000
1551789650.440000
1551789650.520000
1551789650.580000
1551789650.660000
1551789650.740000
1551789650.820000
1551789650.880000
1551789650.960000
1551789651.040000
1551789651.120000
1551789651.180000
1551789651.260000
1551789651.340000
1551789651.420000
1551789651.480000
1551789651.560000
1551789651.640000
1551789651.700000
1551789651.780000
1551789651.860000
1551789651.940000
1551789652.000000
1551789652.080000
1551789652.160000
1551789652.240000
1551789652.300000
1551789652.380000
1551789652.460000
1551789652.540000
1551789652.600000
1551789652.680000
1551789652.760000
1551789652.840000
1551789652.900000
1551789652.980000
1551789653.060000
1551789653.120000
1551789653.200000
1551789653.280000
1551789653.360000
1551789653.420000
1551789653.500000
1551789653.580000
1551789653.660000
1551789653.720000
1551789653.800000
1551789653.880000
1551789653.960000
1551789654.020000
1551789654.100000
1551789654.180000
1551789654.260000
1551789654.320000
1551789654.400000
1551789654.480000
1551789654.560000
1551789654.620000
1551789654.700000
1551789654.780000
1551789654.840000
1551789654.920000
1551789655.000000
1551789655.080000
1551789655.140000
1551789655.220000
1551789655.300000
1551789655.380000
1551789655.440000
1551789655.520000
1551789655.600000
1551789655.680000
1551789655.740000
1551789655.820000
1551789655.900000
1551789655.980000
1551789656.040000
1551789656.120000
1551789656.200000
1551789656.280000
1551789656.340000
1551789656.420000
1551789656.500000
1551789656.560000
1551789656.640000
1551789656.720000
1551789656.800000
1551789656.860000
1551789656.940000
1551789657.020000
1551789657.100000
1551789657.160000
1551789657.240000
1551789657.320000
1551789657.400000
1551789657.460000
1551789657.540000
1551789657.620000
1551789657.700000
1551789657.760000
1551789657.840000
1551789657.920000
1551789658.000000
1551789658.060000
1551789658.140000
1551789658.220000
1551789658.280000
1551789658.360000
1551789658.440000
1551789658.520000
1551789658.580000
1551789658.660000
1551789658.740000
1551789658.820000
1551789658.880000
1551789658.960000
1551789659.040000
1551789659.120000
1551789659.180000
1551789659.260000
1551789659.340000
1551789659.420000
1551789659.480000
1551789659.560000
1551789659.640000
1551789659.700000
1551789659.780000
1551789659.860000
1551789659.940000
1551789660.000000
1551789660.080000
1551789660.160000
1551789660.240000
1551789660.300000
1551789660.380000
1551789660.460000
1551789660.540000
1551789660.600000
1551789660.680000
1551789660.760000
1551789660.840000
1551789660.900000
1551789660.980000
1551789661.060000
1551789661.140000
1551789661.200000
1551789661.280000
1551789661.360000
1551789661.420000
1551789661.500000
1551789661.580000
1551789661.660000
1551789661.720000
1551789661.800000
1551789661.880000
1551789661.960000
1551789662.020000
1551789662.100000
1551789662.180000
1551789662.260000
1551789662.320000
1551789662.400000
1551789662.480000
1551789662.560000
1551789662.620000
1551789662.700000
1551789662.780000
1551789662.860000
1551789662.920000
1551789663.000000
1551789663.080000
1551789663.140000
1551789663.220000
1551789663.300000
1551789663.380000
1551789663.440000
1551789663.520000
1551789663.600000
1551789663.680000
1551789663.740000
1551789663.820000
1551789663.900000
1551789663.980000
1551789664.040000
1551789664.120000
1551789664.200000
1551789664.280000
1551789664.340000
1551789664.420000
1551789664.500000
1551789664.560000
1551789664.640000
1551789664.720000
1551789664.800000
1551789664.860000
1551789664.940000
1551789665.020000
1551789665.100000
1551789665.160000
1551789665.240000
1551789665.320000
1551789665.400000
1551789665.460000
1551789665.540000
1551789665.620000
1551789665.700000
1551789665.760000
1551789665.840000
1551789665.920000
1551789666.000000
1551789666.060000
1551789666.140000
1551789666.220000
1551789666.280000
1551789666.360000
1551789666.440000
1551789666.520000
1551789666.580000
1551789666.660000
1551789666.740000
1551789666.820000
1551789666.880000
1551789666.960000
1551789667.040000
1551789667.120000
1551789667.180000
1551789667.260000
1551789667.340000
1551789667.420000
1551789667.480000
1551789667.560000
1551789667.640000
1551789667.720000
1551789667.780000
1551789667.860000
1551789667.940000
1551789668.000000
1551789668.080000
1551789668.160000
1551789668.240000
1551789668.300000
1551789668.380000
1551789668.460000
1551789668.540000
1551789668.600000
1551789668.680000
1551789668.760000
1551789668.840000
1551789668.900000
1551789668.980000
1551789669.060000
1551789669.140000
1551789669.200000
1551789669.280000
1551789669.360000
1551789669.420000
1551789669.500000
1551789669.580000
1551789669.660000
1551789669.720000
1551789669.800000
1551789669.880000
1551789669.960000
1551789670.020000
1551789670.100000
1551789670.180000
1551789670.260000
1551789670.320000
1551789670.400000
1551789670.480000
1551789670.560000
1551789670.620000
1551789670.700000
1551789670.780000
1551789670.860000
1551789670.920000
1551789671.000000
1551789671.080000
1551789671.140000
1551789671.220000
1551789671.300000
1551789671.380000
1551789671.440000
1551789671.520000
1551789671.600000
1551789671.680000
1551789671.740000
1551789671.820000
1551789671.900000
1551789671.980000
1551789672.040000
1551789672.120000
1551789672.200000
1551789672.280000
1551789672.340000
1551789672.420000
1551789672.500000
1551789672.580000
1551789672.640000
1551789672.720000
1551789672.800000
1551789672.860000
1551789672.940000
1551789673.020000
1551789673.100000
1551789673.160000
1551789673.240000
1551789673.320000
1551789673.400000
1551789673.460000
1551789673.540000
1551789673.620000
1551789673.700000
1551789673.760000
1551789673.840000
1551789673.920000
1551789674.000000
1551789674.060000
1551789674.140000
1551789674.220000
1551789674.280000
1551789674.360000
1551789674.440000
1551789674.520000
1551789674.580000
1551789674.660000
1551789674.740000
1551789674.820000
1551789674.880000
1551789674.960000
1551789675.040000
1551789675.120000
1551789675.180000
1551789675.260000
1551789675.340000
1551789675.420000
1551789675.480000
1551789675.560000
1551789675.640000
1551789675.720000
1551789675.780000
1551789675.860000
1551789675.940000
1551789676.000000
1551789676.080000
1551789676.160000
1551789676.240000
1551789676.300000
1551789676.380000
1551789676.460000
1551789676.540000
1551789676.600000
1551789676.680000
1551789676.760000
1551789676.840000
1551789676.900000
1551789676.980000
1551789677.060000
1551789677.140000
1551789677.200000
1551789677.280000
1551789677.360000
1551789677.440000
1551789677.500000
1551789677.580000
1551789677.660000
1551789677.720000
1551789677.800000
1551789677.880000
1551789677.960000
1551789678.020000
1551789678.100000
1551789678.180000
1551789678.260000
1551789678.320000
1551789678.400000
1551789678.480000
1551789678.560000
1551789678.620000
1551789678.700000
1551789678.780000
1551789678.860000
1551789678.920000
1551789679.000000
1551789679.080000
1551789679.160000
1551789679.220000
1551789679.300000
1551789679.380000
1551789679.440000
1551789679.520000
1551789679.600000
1551789679.680000
1551789679.740000
1551789679.820000
1551789679.900000
1551789679.980000
1551789680.040000
1551789680.120000
1551789680.200000
1551789680.280000
1551789680.340000
1551789680.420000
1551789680.500000
1551789680.580000
1551789680.640000
1551789680.720000
1551789680.800000
1551789680.860000
1551789680.940000
1551789681.020000
1551789681.100000
1551789681.160000
1551789681.240000
1551789681.320000
1551789681.400000
1551789681.460000
1551789681.540000
1551789681.620000
1551789681.700000
1551789681.760000
1551789681.840000
1551789681.920000
1551789682.000000
1551789682.060000
1551789682.140000
1551789682.220000
1551789682.300000
1551789682.360000
1551789682.440000
1551789682.520000
1551789682.580000
1551789682.660000
1551789682.740000
1551789682.820000
1551789682.880000
1551789682.960000
1551789683.040000
1551789683.120000
1551789683.180000
1551789683.260000
1551789683.340000
1551789683.420000
1551789683.480000
1551789683.560000
1551789683.640000
1551789683.720000
1551789683.780000
1551789683.860000
1551789683.940000
1551789684.020000
1551789684.080000
1551789684.160000
1551789684.240000
1551789684.300000
1551789684.380000
1551789684.460000
1551789684.540000
1551789684.600000
1551789684.680000
1551789684.760000
1551789684.840000
1551789684.900000
1551789684.980000
1551789685.060000
1551789685.140000
1551789685.200000
1551789685.280000
1551789685.360000
1551789685.440000
1551789685.500000
1551789685.580000
1551789685.660000
1551789685.720000
1551789685.800000
1551789685.880000
1551789685.960000
1551789686.020000
1551789686.100000
1551789686.180000
1551789686.260000
1551789686.320000
1551789686.400000
1551789686.480000
1551789686.560000
1551789686.620000
1551789686.700000
1551789686.780000
1551789686.860000
1551789686.920000
1551789687.000000
1551789687.080000
1551789687.160000
1551789687.220000
1551789687.300000
1551789687.380000
1551789687.440000
1551789687.520000
1551789687.600000
1551789687.680000
1551789687.740000
1551789687.820000
1551789687.900000
1551789687.980000
1551789688.040000
1551789688.120000
1551789688.200000
1551789688.280000
1551789688.340000
1551789688.420000
1551789688.500000
1551789688.580000
1551789688.640000
1551789688.720000
1551789688.800000
1551789688.880000
1551789688.940000
1551789689.020000
1551789689.100000
1551789689.160000
1551789689.240000
1551789689.320000
1551789689.400000
1551789689.460000
1551789689.540000
1551789689.620000
1551789689.700000
1551789689.760000
1551789689.840000
1551789689.920000
1551789690.000000
1551789690.060000
1551789690.140000
1551789690.220000
1551789690.300000
1551789690.360000
1551789690.440000
1551789690.520000
1551789690.580000
1551789690.660000
1551789690.740000
1551789690.820000
1551789690.880000
1551789690.960000
1551789691.040000
1551789691.120000
1551789691.180000
1551789691.260000
1551789691.340000
1551789691.420000
1551789691.480000
1551789691.560000
1551789691.640000
1551789691.720000
1551789691.780000
1551789691.860000
1551789691.940000
1551789692.020000
1551789692.080000
1551789692.160000
1551789692.240000
1551789692.300000
1551789692.380000
1551789692.460000
1551789692.540000
1551789692.600000
1551789692.680000
1551789692.760000
1551789692.840000
1551789692.900000
1551789692.980000
1551789693.060000
1551789693.140000
1551789693.200000
1551789693.280000
1551789693.360000
1551789693.440000
1551789693.500000
1551789693.580000
1551789693.660000
1551789693.740000
1551789693.800000
1551789693.880000
1551789693.960000
1551789694.020000
1551789694.100000
1551789694.180000
1551789694.260000
1551789694.320000
1551789694.400000
1551789694.480000
1551789694.560000
1551789694.620000
1551789694.700000
1551789694.780000
1551789694.860000
1551789694.920000
1551789695.000000
1551789695.080000
1551789695.160000
1551789695.220000
1551789695.300000
1551789695.380000
1551789695.460000
1551789695.520000
1551789695.600000
1551789695.680000
1551789695.740000
1551789695.820000
1551789695.900000
1551789695.980000
1551789696.040000
1551789696.120000
1551789696.200000
1551789696.280000
1551789696.340000
1551789696.420000
1551789696.500000
1551789696.580000
1551789696.640000
1551789696.720000
1551789696.800000
1551789696.880000
1551789696.940000
1551789697.020000
1551789697.100000
1551789697.160000
1551789697.240000
1551789697.320000
1551789697.400000
1551789697.460000
1551789697.540000
1551789697.620000
1551789697.700000
1551789697.760000
1551789697.840000
1551789697.920000
1551789698.000000
1551789698.060000
1551789698.140000
1551789698.220000
1551789698.300000
1551789698.360000
1551789698.440000
1551789698.520000
1551789698.600000
1551789698.660000
1551789698.740000
1551789698.820000
1551789698.880000
1551789698.960000
1551789699.040000
1551789699.120000
1551789699.180000
1551789699.260000
1551789699.340000
1551789699.420000
1551789699.480000
1551789699.560000
1551789699.640000
1551789699.720000
1551789699.780000
1551789699.860000
1551789699.940000
1551789700.020000
1551789700.080000
1551789700.160000
1551789700.240000
1551789700.320000
1551789700.380000
1551789700.460000
1551789700.540000
1551789700.600000
1551789700.680000
1551789700.760000
1551789700.840000
1551789700.900000
1551789700.980000
1551789701.060000
1551789701.140000
1551789701.200000
1551789701.280000
1551789701.360000
1551789701.440000
1551789701.500000
1551789701.580000
1551789701.660000
1551789701.740000
1551789701.800000
1551789701.880000
1551789701.960000
1551789702.020000
1551789702.100000
1551789702.180000
1551789702.260000
1551789702.320000
1551789702.400000
1551789702.480000
1551789702.560000
1551789702.620000
1551789702.700000
1551789702.780000
1551789702.860000
1551789702.920000
1551789703.000000
1551789703.080000
1551789703.160000
1551789703.220000
1551789703.300000
1551789703.380000
1551789703.460000
1551789703.520000
1551789703.600000
1551789703.680000
1551789703.740000
1551789703.820000
1551789703.900000
1551789703.980000
1551789704.040000
1551789704.120000
1551789704.200000
1551789704.280000
1551789704.340000
1551789704.420000
1551789704.500000
1551789704.580000
1551789704.640000
1551789704.720000
1551789704.800000
1551789704.880000
1551789704.940000
1551789705.020000
1551789705.100000
1551789705.180000
1551789705.240000
1551789705.320000
1551789705.400000
1551789705.460000
1551789705.540000
1551789705.620000
1551789705.700000
1551789705.760000
1551789705.840000
1551789705.920000
1551789706.000000
1551789706.060000
1551789706.140000
1551789706.220000
1551789706.300000
1551789706.360000
1551789706.440000
1551789706.520000
1551789706.600000
1551789706.660000
1551789706.740000
1551789706.820000
1551789706.880000
1551789706.960000
1551789707.040000
1551789707.120000
1551789707.180000
1551789707.260000
1551789707.340000
1551789707.420000
1551789707.480000
1551789707.560000
1551789707.640000
1551789707.720000
1551789707.780000
1551789707.860000
1551789707.940000
1551789708.020000
1551789708.080000
1551789708.160000
1551789708.240000
1551789708.320000
1551789708.380000
1551789708.460000
1551789708.540000
1551789708.600000
1551789708.680000
1551789708.760000
1551789708.840000
1551789708.900000
1551789708.980000
1551789709.060000
1551789709.140000
1551789709.200000
1551789709.280000
1551789709.360000
1551789709.440000
1551789709.500000
1551789709.580000
1551789709.660000
1551789709.740000
1551789709.800000
1551789709.880000
1551789709.960000
1551789710.040000
1551789710.100000
1551789710.180000
1551789710.260000
1551789710.320000
1551789710.400000
1551789710.480000
1551789710.560000
1551789710.620000
1551789710.700000
1551789710.780000
1551789710.860000
1551789710.920000
1551789711.000000
1551789711.080000
1551789711.160000
1551789711.220000
1551789711.300000
1551789711.380000
1551789711.460000
1551789711.520000
1551789711.600000
1551789711.680000
1551789711.760000
1551789711.820000
1551789711.900000
1551789711.980000
1551789712.040000
1551789712.120000
1551789712.200000
1551789712.280000
1551789712.340000
1551789712.420000
1551789712.500000
1551789712.580000
1551789712.640000
1551789712.720000
1551789712.800000
1551789712.880000
1551789712.940000
1551789713.020000
1551789713.100000
1551789713.180000
1551789713.240000
1551789713.320000
1551789713.400000
1551789713.460000
1551789713.540000
1551789713.620000
1551789713.700000
1551789713.760000
1551789713.840000
1551789713.920000
1551789714.000000
1551789714.060000
1551789714.140000
1551789714.220000
1551789714.300000
1551789714.360000
1551789714.440000
1551789714.520000
1551789714.600000
1551789714.660000
1551789714.740000
1551789714.820000
1551789714.900000
1551789714.960000
1551789715.040000
1551789715.120000
1551789715.180000
1551789715.260000
1551789715.340000
1551789715.420000
1551789715.480000
1551789715.560000
1551789715.640000
1551789715.720000
1551789715.780000
1551789715.860000
1551789715.940000
1551789716.020000
1551789716.080000
1551789716.160000
1551789716.240000
1551789716.320000
1551789716.380000
1551789716.460000
1551789716.540000
1551789716.620000
1551789716.680000
1551789716.760000
1551789716.840000
1551789716.900000
1551789716.980000
1551789717.060000
1551789717.140000
1551789717.200000
1551789717.280000
1551789717.360000
1551789717.440000
1551789717.500000
1551789717.580000
1551789717.660000
1551789717.740000
1551789717.800000
1551789717.880000
1551789717.960000
1551789718.040000
1551789718.100000
1551789718.180000
1551789718.260000
1551789718.320000
1551789718.400000
1551789718.480000
1551789718.560000
1551789718.620000
1551789718.700000
1551789718.780000
1551789718.860000
1551789718.920000
1551789719.000000
1551789719.080000
1551789719.160000
1551789719.220000
1551789719.300000
1551789719.380000
1551789719.460000
1551789719.520000
1551789719.600000
1551789719.680000
1551789719.760000
1551789719.820000
1551789719.900000
1551789719.980000
1551789720.040000
1551789720.120000
1551789720.200000
1551789720.280000
1551789720.340000
1551789720.420000
1551789720.500000
1551789720.580000
1551789720.640000
1551789720.720000
1551789720.800000
1551789720.880000
1551789720.940000
1551789721.020000
1551789721.100000
1551789721.180000
1551789721.240000
1551789721.320000
1551789721.400000
1551789721.480000
1551789721.540000
1551789721.620000
1551789721.700000
1551789721.760000
1551789721.840000
1551789721.920000
1551789722.000000
1551789722.060000
1551789722.140000
1551789722.220000
1551789722.300000
1551789722.360000
1551789722.440000
1551789722.520000
1551789722.600000
1551789722.660000
1551789722.740000
1551789722.820000
1551789722.900000
1551789722.960000
1551789723.040000
1551789723.120000
1551789723.180000
1551789723.260000
1551789723.340000
1551789723.420000
1551789723.480000
1551789723.560000
1551789723.640000
1551789723.720000
1551789723.780000
1551789723.860000
1551789723.940000
1551789724.020000
1551789724.080000
1551789724.160000
1551789724.240000
1551789724.320000
1551789724.380000
1551789724.460000
1551789724.540000
1551789724.620000
1551789724.680000
1551789724.760000
1551789724.840000
1551789724.900000
1551789724.980000
1551789725.060000
1551789725.140000
1551789725.200000
1551789725.280000
1551789725.360000
1551789725.440000
1551789725.500000
1551789725.580000
1551789725.660000
1551789725.740000
1551789725.800000
1551789725.880000
1551789725.960000
1551789726.040000
1551789726.100000
1551789726.180000
1551789726.260000
1551789726.340000
1551789726.400000
1551789726.480000
1551789726.560000
1551789726.620000
1551789726.700000
1551789726.780000
1551789726.860000
1551789726.920000
1551789727.000000
1551789727.080000
1551789727.160000
1551789727.220000
1551789727.300000
1551789727.380000
1551789727.460000
1551789727.520000
1551789727.600000
1551789727.680000
1551789727.760000
1551789727.820000
1551789727.900000
1551789727.980000
1551789728.040000
1551789728.120000
1551789728.200000
1551789728.280000
1551789728.340000
1551789728.420000
1551789728.500000
1551789728.580000
1551789728.640000
1551789728.720000
1551789728.800000
1551789728.880000
1551789728.940000
1551789729.020000
1551789729.100000
1551789729.180000
1551789729.240000
1551789729.320000
1551789729.400000
1551789729.480000
1551789729.540000
1551789729.620000
1551789729.700000
1551789729.760000
1551789729.840000
1551789729.920000
1551789730.000000
1551789730.060000
1551789730.140000
1551789730.220000
1551789730.300000
1551789730.360000
1551789730.440000
1551789730.520000
1551789730.600000
1551789730.660000
1551789730.740000
1551789730.820000
1551789730.900000
1551789730.960000
1551789731.040000
1551789731.120000
1551789731.200000
1551789731.260000
1551789731.340000
1551789731.420000
1551789731.480000
1551789731.560000
1551789731.640000
1551789731.720000
1551789731.780000
1551789731.860000
1551789731.940000
1551789732.020000
1551789732.080000
1551789732.160000
1551789732.240000
1551789732.320000
1551789732.380000
1551789732.460000
1551789732.540000
1551789732.620000
1551789732.680000
1551789732.760000
1551789732.840000
1551789732.920000
1551789732.980000
1551789733.060000
1551789733.140000
1551789733.200000
1551789733.280000
1551789733.360000
1551789733.440000
1551789733.500000
1551789733.580000
1551789733.660000
1551789733.740000
1551789733.800000
1551789733.880000
1551789733.960000
1551789734.040000
1551789734.100000
1551789734.180000
1551789734.260000
1551789734.340000
1551789734.400000
1551789734.480000
1551789734.560000
1551789734.620000
1551789734.700000
1551789734.780000
1551789734.860000
1551789734.920000
1551789735.000000
1551789735.080000
1551789735.160000
1551789735.220000
1551789735.300000
1551789735.380000
1551789735.460000
1551789735.520000
1551789735.600000
1551789735.680000
1551789735.760000
1551789735.820000
1551789735.900000
1551789735.980000
1551789736.060000
1551789736.120000
1551789736.200000
1551789736.280000
1551789736.340000
1551789736.420000
1551789736.500000
1551789736.580000
1551789736.640000
1551789736.720000
1551789736.800000
1551789736.880000
1551789736.940000
1551789737.020000
1551789737.100000
1551789737.180000
1551789737.240000
1551789737.320000
1551789737.400000
1551789737.480000
1551789737.540000
1551789737.620000
1551789737.700000
1551789737.780000
1551789737.840000
1551789737.920000
1551789738.000000
1551789738.060000
1551789738.140000
1551789738.220000
1551789738.300000
1551789738.360000
1551789738.440000
1551789738.520000
1551789738.600000
1551789738.660000
1551789738.740000
1551789738.820000
1551789738.900000
1551789738.960000
1551789739.040000
1551789739.120000
1551789739.200000
1551789739.260000
1551789739.340000
1551789739.420000
1551789739.480000
1551789739.560000
1551789739.640000
1551789739.720000
1551789739.780000
1551789739.860000
1551789739.940000
1551789740.020000
1551789740.080000
1551789740.160000
1551789740.240000
1551789740.320000
1551789740.380000
1551789740.460000
1551789740.540000
1551789740.620000
1551789740.680000
1551789740.760000
1551789740.840000
1551789740.920000
1551789740.980000
1551789741.060000
1551789741.140000
1551789741.200000
1551789741.280000
1551789741.360000
1551789741.440000
1551789741.500000
1551789741.580000
1551789741.660000
1551789741.740000
1551789741.800000
1551789741.880000
1551789741.960000
1551789742.040000
1551789742.100000
1551789742.180000
1551789742.260000
1551789742.340000
1551789742.400000
1551789742.480000
1551789742.560000
1551789742.640000
1551789742.700000
1551789742.780000
1551789742.860000
1551789742.920000
1551789743.000000
1551789743.080000
1551789743.160000
1551789743.220000
1551789743.300000
1551789743.380000
1551789743.460000
1551789743.520000
1551789743.600000
1551789743.680000
1551789743.760000
1551789743.820000
1551789743.900000
1551789743.980000
1551789744.060000
1551789744.120000
1551789744.200000
1551789744.280000
1551789744.340000
1551789744.420000
1551789744.500000
1551789744.580000
1551789744.640000
1551789744.720000
1551789744.800000
1551789744.880000
1551789744.940000
1551789745.020000
1551789745.100000
1551789745.180000
1551789745.240000
1551789745.320000
1551789745.400000
1551789745.480000
1551789745.540000
1551789745.620000
1551789745.700000
1551789745.780000
1551789745.840000
1551789745.920000
1551789746.000000
1551789746.060000
1551789746.140000
1551789746.220000
1551789746.300000
1551789746.360000
1551789746.440000
1551789746.520000
1551789746.600000
1551789746.660000
1551789746.740000
1551789746.820000
1551789746.900000
1551789746.960000
1551789747.040000
1551789747.120000
1551789747.200000
1551789747.260000
1551789747.340000
1551789747.420000
1551789747.500000
1551789747.560000
1551789747.640000
1551789747.720000
1551789747.780000
1551789747.860000
1551789747.940000
1551789748.020000
1551789748.080000
1551789748.160000
1551789748.240000
1551789748.320000
1551789748.380000
1551789748.460000
1551789748.540000
1551789748.620000
1551789748.680000
1551789748.760000
1551789748.840000
1551789748.920000
1551789748.980000
1551789749.060000
1551789749.140000
1551789749.220000
1551789749.280000
1551789749.360000
1551789749.440000
1551789749.500000
1551789749.580000
1551789749.660000
1551789749.740000
1551789749.800000
1551789749.880000
1551789749.960000
1551789750.040000
1551789750.100000
1551789750.180000
1551789750.260000
1551789750.340000
1551789750.400000
1551789750.480000
1551789750.560000
1551789750.640000
1551789750.700000
1551789750.780000
1551789750.860000
1551789750.920000
1551789751.000000
1551789751.080000
1551789751.160000
1551789751.220000
1551789751.300000
1551789751.380000
1551789751.460000
1551789751.520000
1551789751.600000
1551789751.680000
1551789751.760000
1551789751.820000
1551789751.900000
1551789751.980000
1551789752.060000
1551789752.120000
1551789752.200000
1551789752.280000
1551789752.360000
1551789752.420000
1551789752.500000
1551789752.580000
1551789752.640000
1551789752.720000
1551789752.800000
1551789752.880000
1551789752.940000
1551789753.020000
1551789753.100000
1551789753.180000
1551789753.240000
1551789753.320000
1551789753.400000
1551789753.480000
1551789753.540000
1551789753.620000
1551789753.700000
1551789753.780000
1551789753.840000
1551789753.920000
1551789754.000000
1551789754.080000
1551789754.140000
1551789754.220000
1551789754.300000
1551789754.360000
1551789754.440000
1551789754.520000
1551789754.600000
1551789754.660000
1551789754.740000
1551789754.820000
1551789754.900000
1551789754.960000
1551789755.040000
1551789755.120000
1551789755.200000
1551789755.260000
1551789755.340000
1551789755.420000
1551789755.500000
1551789755.560000
1551789755.640000
1551789755.720000
1551789755.780000
1551789755.860000
1551789755.940000
1551789756.020000
1551789756.080000
1551789756.160000
1551789756.240000
1551789756.320000
1551789756.380000
1551789756.460000
1551789756.540000
1551789756.620000
1551789756.680000
1551789756.760000
1551789756.840000
1551789756.920000
1551789756.980000
1551789757.060000
1551789757.140000
1551789757.220000
1551789757.280000
1551789757.360000
1551789757.440000
1551789757.500000
1551789757.580000
1551789757.660000
1551789757.740000
1551789757.800000
1551789757.880000
1551789757.960000
1551789758.040000
1551789758.100000
1551789758.180000
1551789758.260000
1551789758.340000
1551789758.400000
1551789758.480000
1551789758.560000
1551789758.640000
1551789758.700000
1551789758.780000
1551789758.860000
1551789758.940000
1551789759.000000
1551789759.080000
1551789759.160000
1551789759.220000
1551789759.300000
1551789759.380000
1551789759.460000
1551789759.520000
1551789759.600000
1551789759.680000
1551789759.760000
1551789759.820000
1551789759.900000
1551789759.980000
1551789760.060000
1551789760.120000
1551789760.200000
1551789760.280000
1551789760.360000
1551789760.420000
1551789760.500000
1551789760.580000
1551789760.640000
1551789760.720000
1551789760.800000
1551789760.880000
1551789760.940000
1551789761.020000
1551789761.100000
1551789761.180000
1551789761.240000
1551789761.320000
1551789761.400000
1551789761.480000
1551789761.540000
1551789761.620000
1551789761.700000
1551789761.780000
1551789761.840000
1551789761.920000
1551789762.000000
1551789762.080000
1551789762.140000
1551789762.220000
1551789762.300000
1551789762.360000
1551789762.440000
1551789762.520000
1551789762.600000
1551789762.660000
1551789762.740000
1551789762.820000
1551789762.900000
1551789762.960000
1551789763.040000
1551789763.120000
1551789763.200000
1551789763.260000
1551789763.340000
1551789763.420000
1551789763.500000
1551789763.560000
1551789763.640000
1551789763.720000
1551789763.800000
1551789763.860000
1551789763.940000
1551789764.020000
1551789764.080000
1551789764.160000
1551789764.240000
1551789764.320000
1551789764.380000
1551789764.460000
1551789764.540000
1551789764.620000
1551789764.680000
1551789764.760000
1551789764.840000
1551789764.920000
1551789764.980000
1551789765.060000
1551789765.140000
1551789765.220000
1551789765.280000
1551789765.360000
1551789765.440000
1551789765.500000
1551789765.580000
1551789765.660000
1551789765.740000
1551789765.800000
1551789765.880000
1551789765.960000
1551789766.040000
1551789766.100000
1551789766.180000
1551789766.260000
1551789766.340000
1551789766.400000
1551789766.480000
1551789766.560000
1551789766.640000
1551789766.700000
1551789766.780000
1551789766.860000
1551789766.940000
1551789767.000000
1551789767.080000
1551789767.160000
1551789767.220000
1551789767.300000
1551789767.380000
1551789767.460000
1551789767.520000
1551789767.600000
1551789767.680000
1551789767.760000
1551789767.820000
1551789767.900000
1551789767.980000
1551789768.060000
1551789768.120000
1551789768.200000
1551789768.280000
1551789768.360000
1551789768.420000
1551789768.500000
1551789768.580000
1551789768.660000
1551789768.720000
1551789768.800000
1551789768.880000
1551789768.940000
1551789769.020000
1551789769.100000
1551789769.180000
1551789769.240000
1551789769.320000
1551789769.400000
1551789769.480000
1551789769.540000
1551789769.620000
1551789769.700000
1551789769.780000
1551789769.840000
1551789769.920000
1551789770.000000
1551789770.080000
1551789770.140000
1551789770.220000
1551789770.300000
1551789770.380000
1551789770.440000
1551789770.520000
1551789770.600000
1551789770.660000
1551789770.740000
1551789770.820000
1551789770.900000
1551789770.960000
1551789771.040000
1551789771.120000
1551789771.200000
1551789771.260000
1551789771.340000
1551789771.420000
1551789771.500000
1551789771.560000
1551789771.640000
1551789771.720000
1551789771.800000
1551789771.860000
1551789771.940000
1551789772.020000
1551789772.080000
1551789772.160000
1551789772.240000
1551789772.320000
1551789772.380000
1551789772.460000
1551789772.540000
1551789772.620000
1551789772.680000
1551789772.760000
1551789772.840000
1551789772.920000
1551789772.980000
1551789773.060000
1551789773.140000
1551789773.220000
1551789773.280000
1551789773.360000
1551789773.440000
1551789773.520000
1551789773.580000
1551789773.660000
1551789773.740000
1551789773.800000
1551789773.880000
1551789773.960000
1551789774.040000
1551789774.100000
1551789774.180000
1551789774.260000
1551789774.340000
1551789774.400000
1551789774.480000
1551789774.560000
1551789774.640000
1551789774.700000
1551789774.780000
1551789774.860000
1551789774.940000
1551789775.000000
1551789775.080000
1551789775.160000
1551789775.240000
1551789775.300000
1551789775.380000
1551789775.460000
1551789775.520000
1551789775.600000
1551789775.680000
1551789775.760000
1551789775.820000
1551789775.900000
1551789775.980000
1551789776.060000
1551789776.120000
1551789776.200000
1551789776.280000
1551789776.360000
1551789776.420000
1551789776.500000
1551789776.580000
1551789776.660000
1551789776.720000
1551789776.800000
1551789776.880000
1551789776.940000
1551789777.020000
1551789777.100000
1551789777.180000
1551789777.240000
1551789777.320000
1551789777.400000
1551789777.480000
1551789777.540000
1551789777.620000
1551789777.700000
1551789777.780000
1551789777.840000
1551789777.920000
1551789778.000000
1551789778.080000
1551789778.140000
1551789778.220000
1551789778.300000
1551789778.380000
1551789778.440000
1551789778.520000
1551789778.600000
1551789778.660000
1551789778.740000
1551789778.820000
1551789778.900000
1551789778.960000
1551789779.040000
1551789779.120000
1551789779.200000
1551789779.260000
1551789779.340000
1551789779.420000
1551789779.500000
1551789779.560000
1551789779.640000
1551789779.720000
1551789779.800000
1551789779.860000
1551789779.940000
1551789780.020000
1551789780.100000
1551789780.160000
1551789780.240000
1551789780.320000
1551789780.380000
1551789780.460000
1551789780.540000
1551789780.620000
1551789780.680000
1551789780.760000
1551789780.840000
1551789780.920000
1551789780.980000
1551789781.060000
1551789781.140000
1551789781.220000
1551789781.280000
1551789781.360000
1551789781.440000
1551789781.520000
1551789781.580000
1551789781.660000
1551789781.740000
1551789781.800000
1551789781.880000
1551789781.960000
1551789782.040000
1551789782.100000
1551789782.180000
1551789782.260000
1551789782.340000
1551789782.400000
1551789782.480000
1551789782.560000
1551789782.640000
1551789782.700000
1551789782.780000
1551789782.860000
1551789782.940000
1551789783.000000
1551789783.080000
1551789783.160000
1551789783.240000
1551789783.300000
1551789783.380000
1551789783.460000
1551789783.520000
1551789783.600000
1551789783.680000
1551789783.760000
1551789783.820000
1551789783.900000
1551789783.980000
1551789784.060000
1551789784.120000
1551789784.200000
1551789784.280000
1551789784.360000
1551789784.420000
1551789784.500000
1551789784.580000
1551789784.660000
1551789784.720000
1551789784.800000
1551789784.880000
1551789784.960000
1551789785.020000
1551789785.100000
1551789785.180000
1551789785.240000
1551789785.320000
1551789785.400000
1551789785.480000
1551789785.540000
1551789785.620000
1551789785.700000
1551789785.780000
1551789785.840000
1551789785.920000
1551789786.000000
1551789786.080000
1551789786.140000
1551789786.220000
1551789786.300000
1551789786.380000
1551789786.440000
1551789786.520000
1551789786.600000
1551789786.680000
1551789786.740000
1551789786.820000
1551789786.900000
1551789786.960000
1551789787.040000
1551789787.120000
1551789787.200000
1551789787.260000
1551789787.340000
1551789787.420000
1551789787.500000
1551789787.560000
1551789787.640000
1551789787.720000
1551789787.800000
1551789787.860000
1551789787.940000
1551789788.020000
1551789788.100000
1551789788.160000
1551789788.240000
1551789788.320000
1551789788.380000
1551789788.460000
1551789788.540000
1551789788.620000
1551789788.680000
1551789788.760000
1551789788.840000
1551789788.920000
1551789788.980000
1551789789.060000
1551789789.140000
1551789789.220000
1551789789.280000
1551789789.360000
1551789789.440000
1551789789.520000
1551789789.580000
1551789789.660000
1551789789.740000
1551789789.820000
1551789789.880000
1551789789.960000
1551789790.040000
1551789790.100000
1551789790.180000
1551789790.260000
1551789790.340000
1551789790.400000
1551789790.480000
1551789790.560000
1551789790.640000
1551789790.700000
1551789790.780000
1551789790.860000
1551789790.940000
1551789791.000000
1551789791.080000
1551789791.160000
1551789791.240000
1551789791.300000
1551789791.380000
1551789791.460000
1551789791.540000
1551789791.600000
1551789791.680000
1551789791.760000
1551789791.820000
1551789791.900000
1551789791.980000
1551789792.060000
1551789792.120000
1551789792.200000
1551789792.280000
1551789792.360000
1551789792.420000
1551789792.500000
1551789792.580000
1551789792.660000
1551789792.720000
1551789792.800000
1551789792.880000
1551789792.960000
1551789793.020000
1551789793.100000
1551789793.180000
1551789793.240000
1551789793.320000
1551789793.400000
1551789793.480000
1551789793.540000
1551789793.620000
1551789793.700000
1551789793.780000
1551789793.840000
1551789793.920000
1551789794.000000
1551789794.080000
1551789794.140000
1551789794.220000
1551789794.300000
1551789794.380000
1551789794.440000
1551789794.520000
1551789794.600000
1551789794.680000
1551789794.740000
1551789794.820000
1551789794.900000
1551789794.960000
1551789795.040000
1551789795.120000
1551789795.200000
1551789795.260000
1551789795.340000
1551789795.420000
1551789795.500000
1551789795.560000
1551789795.640000
1551789795.720000
1551789795.800000
1551789795.860000
1551789795.940000
1551789796.020000
1551789796.100000
1551789796.160000
1551789796.240000
1551789796.320000
1551789796.400000
1551789796.460000
1551789796.540000
1551789796.620000
1551789796.680000
1551789796.760000
1551789796.840000
1551789796.920000
1551789796.980000
1551789797.060000
1551789797.140000
1551789797.220000
1551789797.280000
1551789797.360000
1551789797.440000
1551789797.520000
1551789797.580000
1551789797.660000
1551789797.740000
1551789797.820000
1551789797.880000
1551789797.960000
1551789798.040000
1551789798.100000
1551789798.180000
1551789798.260000
1551789798.340000
1551789798.400000
1551789798.480000
1551789798.560000
1551789798.640000
1551789798.700000
1551789798.780000
1551789798.860000
1551789798.940000
1551789799.000000
1551789799.080000
1551789799.160000
1551789799.240000
1551789799.300000
1551789799.380000
1551789799.460000
1551789799.540000
1551789799.600000
1551789799.680000
1551789799.760000
1551789799.820000
1551789799.900000
1551789799.980000
1551789800.060000
1551789800.120000
1551789800.200000
1551789800.280000
1551789800.360000
1551789800.420000
1551789800.500000
1551789800.580000
1551789800.660000
1551789800.720000
1551789800.800000
1551789800.880000
1551789800.960000
1551789801.020000
1551789801.100000
1551789801.180000
1551789801.260000
1551789801.320000
1551789801.400000
1551789801.480000
1551789801.540000
1551789801.620000
1551789801.700000
1551789801.780000
1551789801.840000
1551789801.920000
1551789802.000000
1551789802.080000
1551789802.140000
1551789802.220000
1551789802.300000
1551789802.380000
1551789802.440000
1551789802.520000
1551789802.600000
1551789802.680000
1551789802.740000
1551789802.820000
1551789802.900000
1551789802.960000
1551789803.040000
1551789803.120000
1551789803.200000
1551789803.260000
1551789803.340000
1551789803.420000
1551789803.500000
1551789803.560000
1551789803.640000
1551789803.720000
1551789803.800000
1551789803.860000
1551789803.940000
1551789804.020000
1551789804.100000
1551789804.160000
1551789804.240000
1551789804.320000
1551789804.400000
1551789804.460000
1551789804.540000
1551789804.620000
1551789804.680000
1551789804.760000
1551789804.840000
1551789804.920000
1551789804.980000
1551789805.060000
1551789805.140000
1551789805.220000
1551789805.280000
1551789805.360000
1551789805.440000
1551789805.520000
1551789805.580000
1551789805.660000
1551789805.740000
1551789805.820000
1551789805.880000
1551789805.960000
1551789806.040000
1551789806.120000
1551789806.180000
1551789806.260000
1551789806.340000
1551789806.400000
1551789806.480000
1551789806.560000
1551789806.640000
1551789806.700000
1551789806.780000
1551789806.860000
1551789806.940000
1551789807.000000
1551789807.080000
1551789807.160000
1551789807.240000
1551789807.300000
1551789807.380000
1551789807.460000
1551789807.540000
1551789807.600000
1551789807.680000
1551789807.760000
1551789807.840000
1551789807.900000
1551789807.980000
1551789808.060000
1551789808.120000
1551789808.200000
1551789808.280000
1551789808.360000
1551789808.420000
1551789808.500000
1551789808.580000
1551789808.660000
1551789808.720000
1551789808.800000
1551789808.880000
1551789808.960000
1551789809.020000
1551789809.100000
1551789809.180000
1551789809.260000
1551789809.320000
1551789809.400000
1551789809.480000
1551789809.540000
1551789809.620000
1551789809.700000
1551789809.780000
1551789809.840000
1551789809.920000
1551789810.000000
1551789810.080000
1551789810.140000
1551789810.220000
1551789810.300000
1551789810.380000
1551789810.440000
1551789810.520000
1551789810.600000
1551789810.680000
1551789810.740000
1551789810.820000
1551789810.900000
1551789810.980000
1551789811.040000
1551789811.120000
1551789811.200000
1551789811.260000
1551789811.340000
1551789811.420000
1551789811.500000
1551789811.560000
1551789811.640000
1551789811.720000
1551789811.800000
1551789811.860000
1551789811.940000
1551789812.020000
1551789812.100000
1551789812.160000
1551789812.240000
1551789812.320000
1551789812.400000
1551789812.460000
1551789812.540000
1551789812.620000
1551789812.700000
1551789812.760000
1551789812.840000
1551789812.920000
1551789812.980000
1551789813.060000
1551789813.140000
1551789813.220000
1551789813.280000
1551789813.360000
1551789813.440000
1551789813.520000
1551789813.580000
1551789813.660000
1551789813.740000
1551789813.820000
1551789813.880000
1551789813.960000
1551789814.040000
1551789814.120000
1551789814.180000
1551789814.260000
1551789814.340000
1551789814.400000
1551789814.480000
1551789814.560000
1551789814.640000
1551789814.700000
1551789814.780000
1551789814.860000
1551789814.940000
1551789815.000000
1551789815.080000
1551789815.160000
1551789815.240000
1551789815.300000
1551789815.380000
1551789815.460000
1551789815.540000
1551789815.600000
1551789815.680000
1551789815.760000
1551789815.840000
1551789815.900000
1551789815.980000
1551789816.060000
1551789816.120000
1551789816.200000
1551789816.280000
1551789816.360000
1551789816.420000
1551789816.500000
1551789816.580000
1551789816.660000
1551789816.720000
1551789816.800000
1551789816.880000
1551789816.960000
1551789817.020000
1551789817.100000
1551789817.180000
1551789817.260000
1551789817.320000
1551789817.400000
1551789817.480000
1551789817.560000
1551789817.620000
1551789817.700000
1551789817.780000
1551789817.840000
1551789817.920000
1551789818.000000
1551789818.080000
1551789818.140000
1551789818.220000
1551789818.300000
1551789818.380000
1551789818.440000
1551789818.520000
1551789818.600000
1551789818.680000
1551789818.740000
1551789818.820000
1551789818.900000
1551789818.980000
1551789819.040000
1551789819.120000
1551789819.200000
1551789819.260000
1551789819.340000
1551789819.420000
1551789819.500000
1551789819.560000
1551789819.640000
1551789819.720000
1551789819.800000
1551789819.860000
1551789819.940000
1551789820.020000
1551789820.100000
1551789820.160000
1551789820.240000
1551789820.320000
1551789820.400000
1551789820.460000
1551789820.540000
1551789820.620000
1551789820.700000
1551789820.760000
1551789820.840000
1551789820.920000
1551789820.980000
1551789821.060000
1551789821.140000
1551789821.220000
1551789821.280000
1551789821.360000
1551789821.440000
1551789821.520000
1551789821.580000
1551789821.660000
1551789821.740000
1551789821.820000
1551789821.880000
1551789821.960000
1551789822.040000
1551789822.120000
1551789822.180000
1551789822.260000
1551789822.340000
1551789822.420000
1551789822.480000
1551789822.560000
1551789822.640000
1551789822.700000
1551789822.780000
1551789822.860000
1551789822.940000
1551789823.000000
1551789823.080000
1551789823.160000
1551789823.240000
1551789823.300000
1551789823.380000
1551789823.460000
1551789823.540000
1551789823.600000
1551789823.680000
1551789823.760000
1551789823.840000
1551789823.900000
1551789823.980000
1551789824.060000
1551789824.140000
1551789824.200000
1551789824.280000
1551789824.360000
1551789824.420000
1551789824.500000
1551789824.580000
1551789824.660000
1551789824.720000
1551789824.800000
1551789824.880000
1551789824.960000
1551789825.020000
1551789825.100000
1551789825.180000
1551789825.260000
1551789825.320000
1551789825.400000
1551789825.480000
1551789825.560000
1551789825.620000
1551789825.700000
1551789825.780000
1551789825.840000
1551789825.920000
1551789826.000000
1551789826.080000
1551789826.140000
1551789826.220000
1551789826.300000
1551789826.380000
1551789826.440000
1551789826.520000
1551789826.600000
1551789826.680000
1551789826.740000
1551789826.820000
1551789826.900000
1551789826.980000
1551789827.040000
1551789827.120000
1551789827.200000
1551789827.280000
1551789827.340000
1551789827.420000
1551789827.500000
1551789827.560000
1551789827.640000
1551789827.720000
1551789827.800000
1551789827.860000
1551789827.940000
1551789828.020000
1551789828.100000
1551789828.160000
1551789828.240000
1551789828.320000
1551789828.400000
1551789828.460000
1551789828.540000
1551789828.620000
1551789828.700000
1551789828.760000
1551789828.840000
1551789828.920000
1551789829.000000
1551789829.060000
1551789829.140000
1551789829.220000
1551789829.280000
1551789829.360000
1551789829.440000
1551789829.520000
1551789829.580000
1551789829.660000
1551789829.740000
1551789829.820000
1551789829.880000
1551789829.960000
1551789830.040000
1551789830.120000
1551789830.180000
1551789830.260000
1551789830.340000
1551789830.420000
1551789830.480000
1551789830.560000
1551789830.640000
1551789830.700000
1551789830.780000
1551789830.860000
1551789830.940000
1551789831.000000
1551789831.080000
1551789831.160000
1551789831.240000
1551789831.300000
1551789831.380000
1551789831.460000
1551789831.540000
1551789831.600000
1551789831.680000
1551789831.760000
1551789831.840000
1551789831.900000
1551789831.980000
1551789832.060000
1551789832.140000
1551789832.200000
1551789832.280000
1551789832.360000
1551789832.420000
1551789832.500000
1551789832.580000
1551789832.660000
1551789832.720000
1551789832.800000
1551789832.880000
1551789832.960000
1551789833.020000
1551789833.100000
1551789833.180000
1551789833.260000
1551789833.320000
1551789833.400000
1551789833.480000
1551789833.560000
1551789833.620000
1551789833.700000
1551789833.780000
1551789833.860000
1551789833.920000
1551789834.000000
1551789834.080000
1551789834.140000
1551789834.220000
1551789834.300000
1551789834.380000
1551789834.440000
1551789834.520000
1551789834.600000
1551789834.680000
1551789834.740000
1551789834.820000
1551789834.900000
1551789834.980000
1551789835.040000
1551789835.120000
1551789835.200000
1551789835.280000
1551789835.340000
1551789835.420000
1551789835.500000
1551789835.560000
1551789835.640000
1551789835.720000
1551789835.800000
1551789835.860000
1551789835.940000
1551789836.020000
1551789836.100000
1551789836.160000
1551789836.240000
1551789836.320000
1551789836.400000
1551789836.460000
1551789836.540000
1551789836.620000
1551789836.700000
1551789836.760000
1551789836.840000
1551789836.920000
1551789837.000000
1551789837.060000
1551789837.140000
1551789837.220000
1551789837.280000
1551789837.360000
1551789837.440000
1551789837.520000
1551789837.580000
1551789837.660000
1551789837.740000
1551789837.820000
1551789837.880000
1551789837.960000
1551789838.040000
1551789838.120000
1551789838.180000
1551789838.260000
1551789838.340000
1551789838.420000
1551789838.480000
1551789838.560000
1551789838.640000
1551789838.720000
1551789838.780000
1551789838.860000
1551789838.940000
1551789839.000000
1551789839.080000
1551789839.160000
1551789839.240000
1551789839.300000
1551789839.380000
1551789839.460000
1551789839.540000
1551789839.600000
1551789839.680000
1551789839.760000
1551789839.840000
1551789839.900000
1551789839.980000
1551789840.060000
1551789840.140000
1551789840.200000
1551789840.280000
1551789840.360000
1551789840.440000
1551789840.500000
1551789840.580000
1551789840.660000
1551789840.720000
1551789840.800000
1551789840.880000
1551789840.960000
1551789841.020000
1551789841.100000
1551789841.180000
1551789841.260000
1551789841.320000
1551789841.400000
1551789841.480000
1551789841.560000
1551789841.620000
1551789841.700000
1551789841.780000
1551789841.860000
1551789841.920000
1551789842.000000
1551789842.080000
1551789842.140000
1551789842.220000
1551789842.300000
1551789842.380000
1551789842.440000
1551789842.520000
1551789842.600000
1551789842.680000
1551789842.740000
1551789842.820000
1551789842.900000
1551789842.980000
1551789843.040000
1551789843.120000
1551789843.200000
1551789843.280000
1551789843.340000
1551789843.420000
1551789843.500000
1551789843.580000
1551789843.640000
1551789843.720000
1551789843.800000
1551789843.860000
1551789843.940000
1551789844.020000
1551789844.100000
1551789844.160000
1551789844.240000
1551789844.320000
1551789844.400000
1551789844.460000
1551789844.540000
1551789844.620000
1551789844.700000
1551789844.760000
1551789844.840000
1551789844.920000
1551789845.000000
1551789845.060000
1551789845.140000
1551789845.220000
1551789845.300000
1551789845.360000
1551789845.440000
1551789845.520000
1551789845.580000
1551789845.660000
1551789845.740000
1551789845.820000
1551789845.880000
1551789845.960000
1551789846.040000
1551789846.120000
1551789846.180000
1551789846.260000
1551789846.340000
1551789846.420000
1551789846.480000
1551789846.560000
1551789846.640000
1551789846.720000
1551789846.780000
1551789846.860000
1551789846.940000
1551789847.000000
1551789847.080000
1551789847.160000
1551789847.240000
1551789847.300000
1551789847.380000
1551789847.460000
1551789847.540000
1551789847.600000
1551789847.680000
1551789847.760000
1551789847.840000
1551789847.900000
1551789847.980000
1551789848.060000
1551789848.140000
1551789848.200000
1551789848.280000
1551789848.360000
1551789848.440000
1551789848.500000
1551789848.580000
1551789848.660000
1551789848.720000
1551789848.800000
1551789848.880000
1551789848.960000
1551789849.020000
1551789849.100000
1551789849.180000
1551789849.260000
1551789849.320000
1551789849.400000
1551789849.480000
1551789849.560000
1551789849.620000
1551789849.700000
1551789849.780000
1551789849.860000
1551789849.920000
1551789850.000000
1551789850.080000
1551789850.160000
1551789850.220000
1551789850.300000
1551789850.380000
1551789850.440000
1551789850.520000
1551789850.600000
1551789850.680000
1551789850.740000
1551789850.820000
1551789850.900000
1551789850.980000
1551789851.040000
1551789851.120000
1551789851.200000
1551789851.280000
1551789851.340000
1551789851.420000
1551789851.500000
1551789851.580000
1551789851.640000
1551789851.720000
1551789851.800000
1551789851.860000
1551789851.940000
1551789852.020000
1551789852.100000
1551789852.160000
1551789852.240000
1551789852.320000
1551789852.400000
1551789852.460000
1551789852.540000
1551789852.620000
1551789852.700000
1551789852.760000
1551789852.840000
1551789852.920000
1551789853.000000
1551789853.060000
1551789853.140000
1551789853.220000
1551789853.300000
1551789853.360000
1551789853.440000
1551789853.520000
1551789853.580000
1551789853.660000
1551789853.740000
1551789853.820000
1551789853.880000
1551789853.960000
1551789854.040000
1551789854.120000
1551789854.180000
1551789854.260000
1551789854.340000
1551789854.420000
1551789854.480000
1551789854.560000
1551789854.640000
1551789854.720000
1551789854.780000
1551789854.860000
1551789854.940000
1551789855.020000
1551789855.080000
1551789855.160000
1551789855.240000
1551789855.300000
1551789855.380000
1551789855.460000
1551789855.540000
1551789855.600000
1551789855.680000
1551789855.760000
1551789855.840000
1551789855.900000
1551789855.980000
1551789856.060000
1551789856.140000
1551789856.200000
1551789856.280000
1551789856.360000
1551789856.440000
1551789856.500000
1551789856.580000
1551789856.660000
1551789856.720000
1551789856.800000
1551789856.880000
1551789856.960000
1551789857.020000
1551789857.100000
1551789857.180000
1551789857.260000
1551789857.320000
1551789857.400000
1551789857.480000
1551789857.560000
1551789857.620000
1551789857.700000
1551789857.780000
1551789857.860000
1551789857.920000
1551789858.000000
1551789858.080000
1551789858.160000
1551789858.220000
1551789858.300000
1551789858.380000
1551789858.440000
1551789858.520000
1551789858.600000
1551789858.680000
1551789858.740000
1551789858.820000
1551789858.900000
1551789858.980000
1551789859.040000
1551789859.120000
1551789859.200000
1551789859.280000
1551789859.340000
1551789859.420000
1551789859.500000
1551789859.580000
1551789859.640000
1551789859.720000
1551789859.800000
1551789859.880000
1551789859.940000
1551789860.020000
1551789860.100000
1551789860.160000
1551789860.240000
1551789860.320000
1551789860.400000
1551789860.460000
1551789860.540000
1551789860.620000
1551789860.700000
1551789860.760000
1551789860.840000
1551789860.920000
1551789861.000000
1551789861.060000
1551789861.140000
1551789861.220000
1551789861.300000
1551789861.360000
1551789861.440000
1551789861.520000
1551789861.600000
1551789861.660000
1551789861.740000
1551789861.820000
1551789861.880000
1551789861.960000
1551789862.040000
1551789862.120000
1551789862.180000
1551789862.260000
1551789862.340000
1551789862.420000
1551789862.480000
1551789862.560000
1551789862.640000
1551789862.720000
1551789862.780000
1551789862.860000
1551789862.940000
1551789863.020000
1551789863.080000
1551789863.160000
1551789863.240000
1551789863.300000
1551789863.380000
1551789863.460000
1551789863.540000
1551789863.600000
1551789863.680000
1551789863.760000
1551789863.840000
1551789863.900000
1551789863.980000
1551789864.060000
1551789864.140000
1551789864.200000
1551789864.280000
1551789864.360000
1551789864.440000
1551789864.500000
1551789864.580000
1551789864.660000
1551789864.740000
1551789864.800000
1551789864.880000
1551789864.960000
1551789865.020000
1551789865.100000
1551789865.180000
1551789865.260000
1551789865.320000
1551789865.400000
1551789865.480000
1551789865.560000
1551789865.620000
1551789865.700000
1551789865.780000
1551789865.860000
1551789865.920000
1551789866.000000
1551789866.080000
1551789866.160000
1551789866.220000
1551789866.300000
1551789866.380000
1551789866.460000
1551789866.520000
1551789866.600000
1551789866.680000
1551789866.740000
1551789866.820000
1551789866.900000
1551789866.980000
1551789867.040000
1551789867.120000
1551789867.200000
1551789867.280000
1551789867.340000
1551789867.420000
1551789867.500000
1551789867.580000
1551789867.640000
1551789867.720000
1551789867.800000
1551789867.880000
1551789867.940000
1551789868.020000
1551789868.100000
1551789868.160000
1551789868.240000
1551789868.320000
1551789868.400000
1551789868.460000
1551789868.540000
1551789868.620000
1551789868.700000
1551789868.760000
1551789868.840000
1551789868.920000
1551789869.000000
1551789869.060000
1551789869.140000
1551789869.220000
1551789869.300000
1551789869.360000
1551789869.440000
1551789869.520000
1551789869.600000
1551789869.660000
1551789869.740000
1551789869.820000
1551789869.880000
1551789869.960000
1551789870.040000
1551789870.120000
1551789870.180000
1551789870.260000
1551789870.340000
1551789870.420000
1551789870.480000
1551789870.560000
1551789870.640000
1551789870.720000
1551789870.780000
1551789870.860000
1551789870.940000
1551789871.020000
1551789871.080000
1551789871.160000
1551789871.240000
1551789871.320000
1551789871.380000
1551789871.460000
1551789871.540000
1551789871.600000
1551789871.680000
1551789871.760000
1551789871.840000
1551789871.900000
1551789871.980000
1551789872.060000
1551789872.140000
1551789872.200000
1551789872.280000
1551789872.360000
1551789872.440000
1551789872.500000
1551789872.580000
1551789872.660000
1551789872.740000
1551789872.800000
1551789872.880000
1551789872.960000
1551789873.020000
1551789873.100000
1551789873.180000
1551789873.260000
1551789873.320000
1551789873.400000
1551789873.480000
1551789873.560000
1551789873.620000
1551789873.700000
1551789873.780000
